1000
1 4 2
3 4 2
3 2 1
3 2 4
2 1 4
5 2 3
5 1 1
3 2 6
4 4 6
1 5 7
7 3 2
4 5 8
8 4 6
4 1 9
9 5 6
10 4 4
10 3 6
10 1 11
6 3 11
10 5 12
12 5 11
13 3 12
13 2 11
14 4 5
3 2 14
15 3 6
11 5 15
6 5 16
16 2 11
17 1 10
12 5 17
16 5 18
18 5 11
5 2 19
3 4 19
10 2 20
20 4 12
5 1 21
21 3 1
15 2 22
6 1 22
23 4 11
15 1 23
4 2 24
6 3 24
25 2 9
25 3 6
16 1 26
11 3 26
27 1 5
3 1 27
28 3 20
28 5 12
29 5 6
11 2 29
30 4 10
30 2 6
12 2 31
11 3 31
32 5 10
20 3 32
16 1 33
33 4 26
34 5 30
6 5 34
35 4 9
6 3 35
36 5 29
6 4 36
29 2 37
6 4 37
38 1 16
18 5 38
39 2 7
2 4 39
40 2 6
35 3 40
41 5 18
41 3 11
4 1 42
42 1 24
43 2 30
6 1 43
5 2 44
3 2 44
45 4 21
1 3 45
25 3 46
9 2 46
47 2 25
9 4 47
3 5 48
4 3 48
8 5 49
6 1 49
43 3 50
50 4 30
51 5 7
2 4 51
15 3 52
52 3 6
53 1 11
15 1 53
41 3 54
54 5 11
55 1 41
18 3 55
56 3 13
56 4 11
6 2 57
43 3 57
58 3 18
38 1 58
40 2 59
59 2 6
33 1 60
60 1 26
61 4 23
11 1 61
2 1 62
62 5 39
63 2 35
63 5 9
6 2 64
49 4 64
17 1 65
65 4 10
66 2 4
42 3 66
6 1 67
67 5 35
5 1 68
68 4 3
34 5 69
30 4 69
70 4 15
22 3 70
6 4 71
71 2 35
5 1 72
72 1 1
73 3 29
73 1 37
74 3 6
67 5 74
75 2 33
75 1 60
58 5 76
76 1 18
77 5 11
61 2 77
32 5 78
78 4 10
79 4 15
79 1 22
43 3 80
57 1 80
74 2 81
81 3 6
79 2 82
82 4 15
32 1 83
10 1 83
2 1 84
51 1 84
85 3 62
85 3 39
86 2 79
86 1 22
5 1 87
68 4 87
88 3 11
88 3 61
89 5 75
33 5 89
90 5 85
62 4 90
91 2 5
91 5 44
68 4 92
92 5 87
75 3 93
93 4 33
94 4 52
6 4 94
95 3 11
95 2 61
96 5 8
96 4 6
2 2 97
97 5 51
98 5 86
79 3 98
6 1 99
99 3 36
25 3 100
100 3 46
30 3 101
10 2 101
102 4 73
29 1 102
10 1 103
20 3 103
104 2 15
52 2 104
105 2 12
17 4 105
106 5 82
15 1 106
107 4 2
84 4 107
7 1 108
2 2 108
109 1 9
47 3 109
110 5 49
110 4 64
111 1 30
10 5 111
3 1 112
112 3 44
113 2 40
6 5 113
114 4 14
5 3 114
115 5 106
82 2 115
79 1 116
116 1 82
2 3 117
117 3 51
118 3 25
6 2 118
119 5 89
119 2 75
56 4 120
13 4 120
121 4 17
10 1 121
122 3 10
122 3 121
102 3 123
73 3 123
95 3 124
61 4 124
125 5 96
125 2 6
126 1 77
11 1 126
14 1 127
5 3 127
6 2 128
67 5 128
129 3 10
129 4 121
36 2 130
130 2 29
16 4 131
131 2 18
132 5 53
132 2 11
113 3 133
40 3 133
134 4 13
134 2 11
79 3 135
116 3 135
3 2 136
6 4 136
137 1 15
53 4 137
79 5 138
135 5 138
20 2 139
139 1 32
140 1 6
140 4 11
141 2 20
32 2 141
142 3 10
142 3 6
143 4 11
26 1 143
144 3 26
144 3 143
67 2 145
74 2 145
86 4 146
22 3 146
147 3 139
147 5 32
61 2 148
148 3 124
149 4 10
149 4 83
150 5 5
3 4 150
73 2 151
151 3 123
129 4 152
10 4 152
153 5 43
153 3 30
119 2 154
154 1 89
88 5 155
11 2 155
114 3 156
14 3 156
157 1 142
6 5 157
158 5 129
158 3 152
68 1 159
87 5 159
160 5 43
80 1 160
161 4 43
57 3 161
13 4 162
120 3 162
10 1 163
4 2 163
164 3 119
164 4 154
10 4 165
165 5 121
104 2 166
166 1 15
167 5 6
36 2 167
168 1 5
168 5 114
3 2 169
112 4 169
170 2 11
170 2 26
2 4 171
62 2 171
18 1 172
172 5 38
173 3 51
7 5 173
129 3 174
174 4 152
175 1 4
9 3 175
114 3 176
14 2 176
174 2 177
177 2 152
178 2 5
178 3 87
15 2 179
52 3 179
79 5 180
180 5 138
79 4 181
181 1 82
182 1 112
182 2 44
183 1 80
183 3 160
184 5 2
184 4 84
185 5 170
11 3 185
186 4 71
186 2 35
91 5 187
187 2 44
188 1 6
24 1 188
24 2 189
188 3 189
61 4 190
77 3 190
191 4 79
135 4 191
67 2 192
74 4 192
193 1 135
193 3 138
194 3 42
24 3 194
195 2 6
195 1 43
196 3 93
33 2 196
197 4 10
163 2 197
198 2 122
10 5 198
199 2 5
199 3 1
75 5 200
33 1 200
11 3 201
185 5 201
202 2 68
87 2 202
16 1 203
26 1 203
116 1 204
135 4 204
205 3 26
143 2 205
114 2 206
156 5 206
15 4 207
22 2 207
185 3 208
208 3 201
209 5 121
17 5 209
210 2 10
83 3 210
26 4 211
143 1 211
168 3 212
212 4 114
213 4 16
11 3 213
214 5 117
51 4 214
81 1 215
215 2 6
216 5 79
138 5 216
25 5 217
217 2 6
1 3 218
7 5 218
219 3 113
219 4 40
73 5 220
123 1 220
91 3 221
221 3 5
222 5 202
222 5 68
223 3 96
6 3 223
224 5 16
18 1 224
225 2 57
225 3 80
226 3 4
226 2 9
227 4 61
227 1 148
88 1 228
11 3 228
229 4 11
29 4 229
7 3 230
2 1 230
104 2 231
231 3 166
232 2 40
59 3 232
114 4 233
14 2 233
234 2 14
176 2 234
235 1 96
235 2 8
236 2 113
133 5 236
112 1 237
237 2 169
112 3 238
238 5 237
10 2 239
239 3 101
240 5 161
43 2 240
56 1 241
241 2 13
7 5 242
230 3 242
4 3 243
24 3 243
244 5 45
244 4 21
245 3 2
245 3 108
246 5 50
246 1 30
9 4 247
247 1 6
248 1 219
113 4 248
249 3 95
11 3 249
250 1 135
138 1 250
251 5 25
251 1 217
156 4 252
206 3 252
225 4 253
253 1 80
254 1 10
121 3 254
255 3 10
255 3 83
256 1 43
256 3 30
257 2 246
257 3 30
186 4 258
71 4 258
259 1 10
259 3 103
260 4 88
260 2 228
41 1 261
11 5 261
262 3 15
23 4 262
263 2 191
263 3 79
264 3 21
1 2 264
132 1 265
265 4 53
266 5 263
79 1 266
196 4 267
93 3 267
268 1 10
268 4 6
75 5 269
269 4 60
106 2 270
270 4 82
271 5 53
137 4 271
272 5 129
121 5 272
73 5 273
123 3 273
274 1 36
167 1 274
117 4 275
51 5 275
276 4 123
273 1 276
277 5 129
277 5 152
278 3 150
5 4 278
23 4 279
262 3 279
280 1 277
280 3 129
281 1 5
68 2 281
282 5 264
21 2 282
283 4 3
283 5 44
15 3 284
6 1 284
85 2 285
285 3 62
73 5 286
273 1 286
4 4 287
24 1 287
288 4 234
14 5 288
87 2 289
289 5 202
290 2 153
290 1 30
135 1 291
204 2 291
114 5 292
206 5 292
13 5 293
293 1 11
6 2 294
294 4 94
295 5 9
295 2 175
296 1 4
296 2 48
297 3 6
297 2 157
6 4 298
136 1 298
25 5 299
100 4 299
300 4 114
233 1 300
301 1 16
11 3 301
147 4 302
139 2 302
185 4 303
201 2 303
304 2 52
179 5 304
305 2 73
305 2 29
11 2 306
306 2 185
97 4 307
51 2 307
213 4 308
308 2 16
67 5 309
74 2 309
310 5 91
187 3 310
93 1 311
33 4 311
51 3 312
84 1 312
313 3 139
302 2 313
144 2 314
314 2 26
315 3 14
315 4 127
10 4 316
152 1 316
86 2 317
79 1 317
318 5 61
190 5 318
167 2 319
319 3 274
153 1 320
320 3 30
321 5 55
41 2 321
322 3 32
322 3 10
323 4 4
323 2 287
125 5 324
324 4 6
325 4 304
52 5 325
85 1 326
326 2 285
327 1 10
11 4 327
328 4 18
328 1 55
329 5 2
329 1 39
330 4 259
10 2 330
331 2 62
39 2 331
7 4 332
230 2 332
33 4 333
333 5 200
300 3 334
114 5 334
335 1 113
335 1 248
20 4 336
336 1 139
263 3 337
337 3 79
338 5 326
285 5 338
339 3 100
339 1 299
340 1 251
340 3 217
245 1 341
341 1 108
342 5 132
342 3 265
235 1 343
343 1 8
6 5 344
57 4 344
345 3 81
6 1 345
346 1 4
346 5 6
347 5 113
347 1 40
348 4 347
348 2 113
149 2 349
349 1 10
350 3 22
207 3 350
351 4 248
219 2 351
6 4 352
352 1 118
73 3 353
353 4 29
6 3 354
354 4 294
29 1 355
102 5 355
356 1 38
356 2 58
43 3 357
357 4 50
358 1 231
358 4 166
7 3 359
242 5 359
249 3 360
95 5 360
21 1 361
361 3 1
362 3 246
30 4 362
57 4 363
80 2 363
333 5 364
200 2 364
365 2 121
272 5 365
366 2 10
121 3 366
367 5 352
118 1 367
368 2 260
368 2 228
93 2 369
369 1 311
370 1 5
370 2 127
120 3 371
371 1 162
259 4 372
103 5 372
373 2 2
230 3 373
374 2 182
374 2 44
158 3 375
375 1 152
376 5 304
376 4 52
2 4 377
108 4 377
15 3 378
378 5 179
194 3 379
379 2 42
56 2 380
120 3 380
10 1 381
381 4 101
382 1 7
382 2 2
289 1 383
202 5 383
260 1 384
228 1 384
385 1 42
385 4 66
386 1 323
386 1 287
167 2 387
274 2 387
388 1 40
388 1 59
11 1 389
61 4 389
390 4 80
363 4 390
15 2 391
23 3 391
392 5 115
392 1 106
132 3 393
393 4 11
17 5 394
394 1 65
6 3 395
395 2 298
25 1 396
100 5 396
183 1 397
80 1 397
398 5 82
398 2 15
156 4 399
252 3 399
93 2 400
400 2 267
401 4 158
375 1 401
402 4 114
402 1 206
93 1 403
403 4 369
185 5 404
170 1 404
4 4 405
405 4 9
256 1 406
30 5 406
62 3 407
90 4 407
408 3 54
408 5 11
165 1 409
121 4 409
410 5 102
355 2 410
411 1 75
93 2 411
412 1 363
390 1 412
167 5 413
6 1 413
408 5 414
54 3 414
415 1 10
121 3 415
416 1 234
14 1 416
417 4 88
11 2 417
418 5 184
2 2 418
419 3 5
1 3 419
373 2 420
420 2 2
121 3 421
421 2 366
3 3 422
422 5 150
68 4 423
423 1 3
424 1 15
391 3 424
425 5 26
425 4 203
295 2 426
426 1 9
427 4 212
427 4 114
428 2 132
428 4 11
93 4 429
429 5 403
430 1 329
430 2 2
431 5 10
431 4 165
382 2 432
432 1 7
229 4 433
11 4 433
434 1 25
9 4 434
111 1 435
435 4 30
72 3 436
436 4 1
295 1 437
437 1 9
438 3 56
120 5 438
439 1 4
6 3 439
440 5 333
440 4 364
10 5 441
6 1 441
442 3 5
442 3 68
443 4 7
218 3 443
33 4 444
444 3 26
445 3 137
445 3 15
446 4 21
1 2 446
447 1 225
253 4 447
112 5 448
169 5 448
367 4 449
352 2 449
24 3 450
450 3 188
451 2 328
451 4 18
452 1 440
333 2 452
453 5 216
79 2 453
68 4 454
3 5 454
168 5 455
212 1 455
456 5 6
456 3 49
255 3 457
83 1 457
237 2 458
169 3 458
33 2 459
311 3 459
460 3 18
38 2 460
461 4 4
48 3 461
47 4 462
462 4 25
395 2 463
298 2 463
464 4 222
68 3 464
465 1 79
465 4 116
466 2 347
466 3 113
467 3 219
467 3 113
4 1 468
163 2 468
114 1 469
156 4 469
43 2 470
240 3 470
471 5 348
471 3 347
156 3 472
472 3 399
473 5 33
473 1 89
16 1 474
474 2 203
475 3 207
350 2 475
476 3 158
476 3 152
418 2 477
477 2 184
15 3 478
478 3 391
52 2 479
179 2 479
100 4 480
480 2 299
481 4 14
481 2 233
482 3 61
23 4 482
4 1 483
287 2 483
484 2 7
173 3 484
11 2 485
485 4 185
486 4 93
486 4 369
487 1 110
64 3 487
488 5 465
488 5 116
122 1 489
10 2 489
490 1 87
490 2 289
149 3 491
10 2 491
492 3 418
184 5 492
493 4 68
493 5 3
11 1 494
494 1 15
96 5 495
8 4 495
6 2 496
496 3 36
318 5 497
61 1 497
33 5 498
498 2 60
499 4 212
499 5 114
233 1 500
500 3 300
75 5 501
60 3 501
502 5 73
502 5 123
503 4 88
503 5 228
91 1 504
221 2 504
42 1 505
505 1 24
506 4 320
30 3 506
507 2 188
189 3 507
164 2 508
508 1 119
129 5 509
121 4 509
54 2 510
510 4 414
511 2 415
10 4 511
117 4 512
512 5 51
385 5 513
513 1 66
514 3 305
73 3 514
515 1 12
515 4 17
392 2 516
106 3 516
507 4 517
188 3 517
518 5 199
518 1 5
519 2 144
519 4 143
238 4 520
237 4 520
521 4 1
521 1 45
522 3 39
522 2 331
523 5 6
284 5 523
419 2 524
524 2 5
525 2 16
203 2 525
15 4 526
526 3 391
11 3 527
261 2 527
7 5 528
528 2 108
529 4 158
152 1 529
530 3 47
109 3 530
531 1 41
18 1 531
117 3 532
532 1 512
508 4 533
119 2 533
173 4 534
51 4 534
535 4 10
535 2 111
536 2 11
228 4 536
537 5 245
537 2 341
538 4 168
538 5 455
539 5 268
10 2 539
540 1 75
200 2 540
191 5 541
79 3 541
542 1 378
542 2 179
543 2 199
1 1 543
544 5 93
267 5 544
545 1 25
545 5 46
10 2 546
489 5 546
547 1 10
546 2 547
548 1 254
10 5 548
549 4 188
6 3 549
550 3 170
550 1 404
116 3 551
551 3 204
447 3 552
552 1 225
93 4 553
553 1 403
54 4 554
510 5 554
555 2 179
304 1 555
556 5 10
556 4 539
557 2 16
557 4 33
424 5 558
15 3 558
52 5 559
559 1 104
230 5 560
560 3 373
561 3 390
561 5 80
94 4 562
52 3 562
5 1 563
21 3 563
11 3 564
485 3 564
565 2 484
7 1 565
566 5 61
566 3 389
567 3 102
567 2 355
278 5 568
568 4 150
569 5 112
237 2 569
570 4 15
558 2 570
571 4 521
1 2 571
572 1 1
446 2 572
573 1 116
551 1 573
574 1 400
574 2 267
114 3 575
14 2 575
451 3 576
576 2 18
139 3 577
577 4 32
2 4 578
578 5 39
579 2 132
579 1 265
580 2 88
580 4 11
581 2 12
581 4 31
95 1 582
61 3 582
12 4 583
17 5 583
300 4 584
334 4 584
585 1 93
33 2 585
382 3 586
586 2 432
33 3 587
459 2 587
588 3 412
588 5 363
589 1 68
589 1 464
590 5 79
22 3 590
591 1 8
591 1 495
592 2 113
133 1 592
109 2 593
9 5 593
594 1 34
30 4 594
595 4 111
595 1 30
596 2 366
10 4 596
597 2 1
45 1 597
15 5 598
598 4 207
79 5 599
599 5 98
600 3 293
11 5 600
601 3 329
601 5 39
602 1 30
602 2 101
603 5 6
37 3 603
604 5 503
88 2 604
269 1 605
60 4 605
606 5 235
343 4 606
116 3 607
607 5 82
608 4 60
501 5 608
609 1 114
575 5 609
610 4 6
610 3 35
374 5 611
182 1 611
392 4 612
612 2 106
67 2 613
145 5 613
170 2 614
614 3 26
85 5 615
285 2 615
616 1 205
616 5 26
10 3 617
103 2 617
618 4 114
575 5 618
619 3 588
363 2 619
80 3 620
160 1 620
415 4 621
621 1 10
281 4 622
622 3 5
623 3 193
138 3 623
624 5 6
624 3 99
61 1 625
625 5 582
626 5 15
626 1 478
6 1 627
157 3 627
628 3 575
618 3 628
15 4 629
558 2 629
630 1 170
630 4 26
631 3 2
117 1 631
356 2 632
38 5 632
633 4 58
633 2 18
142 3 634
6 5 634
24 2 635
188 2 635
132 1 636
393 4 636
637 1 67
35 5 637
638 5 199
1 1 638
121 3 639
639 2 409
640 4 293
640 1 11
641 4 431
165 4 641
642 1 18
642 5 11
643 1 93
643 5 369
644 1 558
570 1 644
67 4 645
145 5 645
510 1 646
646 5 554
86 2 647
647 5 79
153 3 648
30 4 648
56 1 649
13 4 649
650 5 446
572 1 650
545 3 651
651 5 46
652 2 2
97 3 652
653 2 451
653 3 328
654 3 345
654 2 81
4 4 655
6 2 655
14 5 656
5 3 656
122 1 657
657 1 489
500 5 658
300 2 658
659 3 56
659 5 13
660 4 21
563 1 660
661 1 513
66 1 661
521 4 662
1 4 662
597 4 663
1 1 663
505 3 664
24 1 664
665 2 637
665 5 67
591 3 666
8 4 666
503 4 667
667 3 88
421 5 668
668 3 366
134 4 669
11 3 669
670 4 251
670 1 25
671 3 368
260 3 671
461 1 672
672 4 4
673 2 48
461 4 673
6 5 674
674 1 67
675 5 4
675 4 405
257 1 676
676 5 246
677 1 434
677 1 25
678 3 11
678 1 61
679 3 401
679 1 158
76 1 680
18 5 680
681 4 62
681 4 39
682 3 280
129 1 682
6 3 683
99 1 683
657 5 684
489 4 684
188 3 685
189 2 685
686 2 11
686 5 417
61 5 687
687 3 582
688 2 73
688 2 514
689 2 10
689 3 20
690 2 15
690 1 558
11 4 691
691 3 485
692 1 630
26 5 692
693 1 507
693 3 188
227 5 694
694 4 148
88 5 695
695 3 61
696 5 424
696 3 15
697 2 2
697 1 108
698 2 565
484 4 698
699 1 79
699 2 599
255 2 700
700 5 83
633 1 701
701 5 18
499 1 702
702 5 212
208 2 703
201 4 703
222 4 704
704 3 68
705 1 346
6 3 705
482 3 706
61 4 706
707 5 6
64 2 707
493 3 708
3 5 708
510 2 709
554 5 709
710 3 450
188 1 710
711 5 540
711 4 75
712 3 10
20 1 712
713 1 602
713 4 101
714 5 374
714 1 44
11 2 715
201 3 715
6 1 716
683 4 716
370 3 717
127 3 717
189 2 718
718 2 507
10 2 719
20 1 719
720 5 653
720 3 328
14 5 721
721 4 416
722 3 56
722 3 13
723 4 194
723 1 42
6 4 724
724 3 705
725 1 3
708 4 725
398 4 726
82 3 726
727 3 235
727 1 343
728 1 59
728 5 6
295 4 729
729 3 9
285 5 730
62 4 730
184 1 731
731 4 2
732 3 181
732 2 82
733 5 306
185 2 733
80 5 734
397 5 734
178 3 735
5 1 735
508 4 736
533 5 736
213 2 737
737 1 16
738 3 577
32 1 738
62 4 739
730 1 739
740 2 139
577 1 740
741 1 79
116 1 741
742 3 513
742 4 66
743 2 382
743 2 2
594 3 744
34 4 744
681 4 745
39 2 745
746 4 10
746 2 20
747 5 30
10 4 747
172 1 748
748 4 38
690 2 749
749 4 558
750 3 538
455 2 750
7 2 751
565 4 751
453 3 752
216 3 752
174 3 753
177 5 753
723 5 754
194 5 754
755 3 322
10 3 755
10 4 756
198 2 756
757 1 88
757 1 11
8 1 758
758 4 666
759 4 84
759 1 312
760 1 147
760 1 302
720 3 761
653 5 761
762 5 386
323 3 762
763 4 641
763 4 431
79 5 764
135 4 764
765 4 4
765 1 468
88 3 766
61 3 766
767 3 30
767 1 506
336 1 768
768 1 139
132 2 769
265 1 769
315 4 770
127 1 770
173 2 771
534 1 771
459 5 772
587 2 772
773 2 431
773 1 165
774 2 4
774 4 287
245 3 775
775 5 341
209 3 776
121 1 776
777 3 4
48 3 777
5 1 778
563 2 778
15 1 779
779 3 284
762 3 780
386 4 780
781 2 6
441 1 781
782 5 251
782 4 217
783 1 256
30 1 783
672 5 784
784 3 4
785 1 370
127 5 785
15 5 786
558 1 786
529 5 787
787 3 158
510 5 788
646 5 788
393 1 789
789 3 636
61 4 790
790 4 124
24 4 791
189 3 791
792 3 522
39 2 792
681 4 793
793 1 62
245 3 794
2 5 794
340 4 795
251 2 795
677 1 796
796 5 434
4 5 797
797 2 287
30 3 798
798 3 783
799 5 408
799 2 414
300 3 800
114 1 800
801 4 156
206 4 801
106 1 802
270 2 802
803 2 538
168 3 803
804 2 259
10 5 804
355 2 805
805 2 410
806 1 773
806 4 165
461 2 807
807 2 673
808 1 743
808 1 2
809 1 314
26 2 809
810 4 30
810 2 783
811 1 601
811 2 39
499 1 812
212 3 812
813 1 255
813 1 10
579 3 814
814 1 265
10 4 815
316 3 815
23 4 816
11 4 816
817 4 686
817 5 11
5 5 818
114 2 818
226 1 819
9 5 819
422 2 820
150 1 820
821 5 13
821 2 649
822 2 555
179 1 822
823 1 29
823 1 229
824 3 326
824 5 285
825 2 105
825 3 12
114 3 826
469 1 826
338 5 827
326 3 827
828 1 121
415 2 828
490 3 829
829 1 289
488 4 830
116 1 830
36 2 831
831 5 29
348 3 832
832 2 347
86 1 833
833 5 317
834 1 39
834 2 745
654 1 835
835 5 81
296 1 836
4 3 836
837 2 251
25 4 837
11 1 838
155 5 838
839 1 444
26 5 839
206 3 840
840 4 292
841 2 5
1 2 841
61 3 842
790 2 842
30 2 843
843 3 594
415 2 844
621 4 844
144 3 845
26 1 845
846 4 114
846 5 826
1 1 847
847 4 2
848 2 679
158 1 848
227 2 849
849 3 61
850 1 335
850 4 113
851 2 579
265 2 851
710 5 852
450 5 852
853 3 374
853 1 611
854 3 10
491 3 854
782 2 855
855 5 217
856 5 64
707 5 856
216 1 857
857 2 79
342 3 858
858 1 265
624 2 859
859 5 6
557 3 860
860 3 33
861 3 184
861 4 2
427 2 862
114 2 862
451 4 863
863 5 328
864 4 730
864 3 739
865 4 365
121 5 865
866 3 659
866 4 56
867 1 366
867 2 10
868 5 59
868 2 232
869 5 89
75 4 869
870 4 3
48 4 870
871 2 533
736 4 871
382 3 872
586 5 872
51 4 873
307 5 873
473 3 874
874 3 33
875 4 672
875 2 784
876 5 721
416 5 876
877 4 811
877 5 601
878 1 425
203 3 878
212 1 879
114 2 879
880 4 84
880 3 312
881 1 402
881 3 114
882 4 68
882 4 3
883 4 398
883 1 15
884 5 1
884 4 847
54 4 885
885 1 414
886 3 5
886 3 735
887 3 1
887 5 847
688 1 888
514 5 888
485 5 889
564 5 889
890 5 9
890 5 47
891 3 26
891 5 203
264 5 892
21 3 892
348 4 893
832 5 893
28 3 894
12 5 894
895 2 43
57 3 895
158 1 896
129 1 896
323 5 897
897 2 287
142 1 898
634 5 898
899 1 1
2 2 899
900 1 76
900 4 680
901 5 201
715 2 901
218 3 902
443 2 902
3 5 903
903 3 1
79 4 904
904 4 180
216 5 905
752 3 905
906 2 5
3 5 906
11 1 907
527 2 907
300 5 908
584 1 908
62 1 909
909 1 39
910 5 3
1 3 910
911 5 86
79 5 911
87 2 912
202 5 912
913 1 11
249 2 913
914 5 681
914 1 745
915 3 829
289 3 915
911 1 916
916 5 86
917 3 375
152 3 917
918 5 882
918 5 3
499 3 919
212 3 919
798 5 920
920 2 783
921 5 419
921 3 5
922 4 338
922 3 326
313 3 923
139 1 923
924 2 499
924 5 212
125 4 925
96 1 925
926 5 210
926 3 10
927 4 817
11 4 927
928 2 144
928 2 314
929 4 911
86 1 929
930 5 75
60 5 930
49 2 931
64 1 931
30 1 932
932 1 362
10 4 933
933 1 815
934 2 848
934 4 679
51 1 935
873 3 935
11 5 936
936 5 155
937 4 368
937 3 228
938 2 139
577 5 938
906 2 939
939 2 5
940 1 532
512 4 940
941 2 631
2 4 941
500 5 942
658 3 942
943 5 245
775 3 943
100 3 944
944 1 480
945 5 348
113 4 945
767 3 946
30 5 946
33 4 947
947 3 498
461 1 948
807 4 948
949 3 185
949 4 208
296 1 950
4 3 950
33 4 951
951 2 311
952 2 736
871 5 952
953 2 393
789 3 953
954 4 56
954 4 241
676 2 955
955 5 246
956 1 300
800 2 956
957 3 783
957 3 256
958 3 172
38 5 958
144 2 959
959 1 314
202 4 960
383 4 960
961 2 59
961 3 232
740 4 962
962 4 139
963 2 83
963 4 210
964 4 167
6 5 964
965 2 528
108 1 965
30 4 966
6 4 966
52 2 967
179 1 967
968 1 38
968 3 632
969 5 600
969 5 293
970 2 921
419 5 970
490 4 971
289 3 971
24 3 972
972 4 287
973 5 765
4 5 973
201 4 974
974 2 715
41 3 975
975 4 261
976 4 782
251 3 976
977 4 7
977 1 528
978 2 179
822 5 978
10 1 979
747 5 979
980 3 595
980 2 111
981 4 10
981 2 755
982 1 323
982 5 287
983 2 88
983 3 228
76 4 984
984 2 680
932 3 985
985 2 362
986 5 93
986 2 311
987 3 690
987 3 749
988 4 179
967 3 988
989 5 14
721 4 989
990 1 720
990 1 761
991 2 227
694 4 991
992 2 866
992 2 659
993 2 86
993 1 929
994 1 91
504 2 994
995 3 15
995 3 6
14 1 996
416 3 996
1 3 997
997 2 2
814 4 998
265 2 998
545 5 999
999 5 46
1000 1 358
1000 4 231
1 00 13
