1000
2 5 1
3 1 2
3 5 1
4 2 3
1 1 4
5 1 3
5 3 2
6 3 2
1 4 6
7 1 3
1 4 7
8 4 5
3 1 8
9 5 3
9 4 8
8 1 10
10 3 5
11 1 10
11 1 5
1 5 12
12 3 6
9 2 13
3 5 13
8 3 14
5 5 14
15 5 9
15 3 8
16 4 3
16 2 13
17 4 8
17 1 10
4 4 18
3 5 18
19 3 2
1 3 19
20 3 9
3 5 20
21 5 8
10 5 21
8 2 22
5 3 22
17 2 23
23 5 8
24 5 1
6 4 24
25 3 23
8 3 25
5 2 26
26 1 14
8 5 27
27 1 25
3 5 28
28 2 8
29 4 8
29 1 27
5 5 30
30 1 3
31 4 1
19 4 31
3 2 32
28 1 32
12 4 33
33 2 6
34 1 19
31 5 34
8 4 35
35 4 10
36 4 21
36 1 8
37 2 34
19 1 37
24 3 38
38 5 1
39 1 8
39 4 27
15 5 40
40 2 9
41 2 17
41 3 10
42 2 3
32 5 42
43 2 11
10 1 43
5 1 44
44 5 2
45 2 36
45 5 8
12 1 46
46 5 33
8 5 47
10 5 47
48 4 43
48 4 11
49 4 9
8 1 49
50 1 27
25 3 50
51 4 5
22 5 51
52 4 42
52 1 3
53 4 48
53 5 11
4 2 54
54 4 18
4 2 55
18 2 55
16 2 56
56 1 3
57 5 15
40 3 57
39 1 58
58 5 8
33 4 59
6 1 59
21 2 60
8 3 60
1 5 61
6 2 61
62 3 17
8 2 62
52 4 63
42 4 63
64 5 42
64 5 3
65 1 26
14 3 65
66 5 1
66 5 12
67 4 39
67 2 8
68 4 53
68 2 11
69 3 25
69 4 23
17 3 70
70 5 23
71 4 4
3 2 71
38 5 72
1 1 72
73 1 10
47 4 73
74 5 3
18 5 74
75 3 41
17 1 75
76 3 5
76 1 30
3 2 77
77 1 13
78 4 19
78 5 2
1 5 79
79 5 72
80 1 46
80 5 33
2 1 81
81 2 1
12 4 82
82 4 46
8 2 83
83 4 5
84 5 1
84 3 6
26 3 85
85 3 14
86 5 5
86 2 3
87 2 70
23 5 87
88 4 12
6 2 88
88 1 89
12 1 89
90 2 8
90 1 60
91 1 75
41 5 91
92 2 68
92 2 53
66 4 93
93 4 1
78 5 94
94 4 19
83 3 95
5 1 95
96 2 42
96 3 63
97 4 20
9 5 97
46 1 98
33 1 98
73 2 99
10 2 99
100 2 9
13 3 100
101 1 49
9 3 101
75 4 102
102 1 41
103 1 84
103 4 1
15 4 104
8 4 104
105 1 48
11 1 105
3 3 106
106 3 77
57 3 107
107 1 15
40 1 108
9 3 108
4 4 109
54 5 109
4 2 110
54 1 110
111 4 48
43 3 111
112 4 84
6 5 112
113 2 38
1 1 113
1 3 114
79 5 114
115 1 6
24 5 115
12 3 116
116 3 89
28 1 117
117 1 32
43 4 118
11 5 118
119 2 1
79 5 119
40 5 120
120 1 108
121 5 106
121 4 77
122 1 15
9 2 122
15 5 123
123 4 40
124 2 10
124 3 99
11 5 125
125 2 5
126 5 20
9 3 126
8 2 127
35 2 127
128 4 57
128 5 15
113 3 129
129 1 38
69 1 130
130 1 23
131 4 66
131 1 12
132 1 8
132 3 127
128 4 133
57 4 133
18 4 134
55 4 134
106 3 135
135 1 77
136 4 74
136 3 3
137 4 32
137 4 42
56 5 138
3 5 138
23 2 139
139 4 87
106 3 140
140 4 77
9 5 141
101 5 141
142 3 65
26 4 142
24 1 143
1 2 143
144 5 97
20 1 144
145 5 29
27 1 145
146 1 3
146 1 32
12 3 147
147 2 116
54 4 148
148 3 110
149 5 43
149 4 11
22 4 150
51 2 150
151 1 54
148 5 151
152 1 97
20 4 152
153 2 12
82 1 153
97 1 154
154 3 20
57 1 155
155 4 107
156 5 128
57 5 156
92 5 157
68 5 157
158 4 33
6 4 158
159 4 107
15 3 159
160 5 29
160 5 8
161 3 43
11 1 161
69 4 162
162 5 25
10 4 163
163 2 5
164 4 29
8 1 164
106 2 165
165 3 140
132 3 166
166 1 127
167 5 19
37 5 167
156 2 168
168 3 128
169 1 155
107 4 169
170 1 92
53 4 170
171 4 8
5 4 171
172 3 41
10 5 172
8 4 173
173 4 5
154 1 174
174 4 20
175 2 28
32 5 175
176 5 106
140 2 176
177 5 8
177 2 22
62 1 178
178 4 17
15 4 179
179 3 159
111 4 180
48 2 180
117 4 181
32 5 181
182 2 3
77 2 182
78 1 183
183 4 94
83 4 184
5 1 184
185 4 11
185 2 105
186 3 1
186 3 72
5 3 187
95 3 187
175 3 188
188 2 28
189 4 84
189 4 1
190 3 160
190 4 8
11 2 191
191 2 125
177 1 192
22 5 192
193 2 8
193 3 104
194 4 3
20 5 194
195 5 8
127 1 195
196 2 5
196 3 14
23 4 197
8 1 197
198 2 132
198 4 166
199 4 9
122 1 199
200 1 21
60 1 200
201 5 12
201 3 147
202 1 23
139 2 202
5 4 203
30 1 203
204 5 124
204 1 99
205 2 160
205 2 8
65 5 206
26 1 206
3 5 207
207 1 138
208 4 196
208 2 5
209 1 9
141 1 209
17 5 210
10 2 210
3 4 211
207 1 211
128 2 212
212 4 133
128 4 213
213 1 57
214 3 17
214 5 70
11 5 215
118 5 215
66 1 216
1 3 216
217 1 21
217 4 8
218 4 122
15 2 218
15 2 219
104 1 219
220 3 12
82 4 220
221 5 15
179 3 221
130 1 222
23 4 222
6 3 223
112 2 223
224 5 5
95 3 224
225 1 3
225 2 2
21 1 226
226 2 60
227 4 1
227 5 216
228 4 17
228 1 210
229 3 68
229 1 157
230 2 202
230 4 23
120 5 231
108 2 231
232 3 124
232 4 99
233 2 10
233 4 43
1 3 234
234 5 216
8 5 235
25 1 235
236 3 13
100 3 236
51 5 237
237 2 150
238 3 104
219 2 238
97 5 239
239 5 154
240 3 165
240 5 140
148 2 241
151 5 241
1 4 242
242 4 12
78 1 243
2 4 243
244 4 1
244 1 216
136 4 245
245 2 74
121 4 246
77 1 246
247 1 159
107 4 247
217 3 248
8 5 248
121 5 249
249 5 77
1 4 250
250 1 79
1 4 251
251 1 113
252 3 242
12 5 252
253 1 182
253 2 3
254 2 67
254 1 39
255 1 67
39 4 255
172 5 256
256 5 41
257 5 10
257 1 47
62 4 258
258 2 178
259 3 68
157 4 259
260 4 25
260 3 23
121 1 261
261 5 77
1 4 262
242 1 262
190 1 263
263 1 160
264 3 121
246 1 264
265 5 32
42 3 265
19 2 266
31 3 266
66 1 267
216 1 267
268 3 3
268 3 8
269 5 199
9 2 269
270 2 165
140 1 270
233 5 271
10 3 271
272 3 226
272 2 60
273 1 242
273 1 12
11 2 274
215 3 274
275 3 91
275 3 75
230 3 276
276 4 23
136 3 277
74 3 277
278 5 18
74 4 278
279 1 35
279 5 10
280 5 1
280 4 79
281 1 66
281 3 267
51 3 282
5 5 282
283 4 33
283 1 59
284 4 140
284 3 270
285 1 135
77 2 285
286 1 1
286 1 251
90 2 287
60 1 287
46 5 288
288 4 33
168 1 289
289 1 128
290 3 131
290 1 66
88 3 291
89 3 291
285 5 292
292 5 135
293 3 137
32 5 293
230 4 294
294 4 202
166 2 295
295 4 127
296 1 275
296 4 75
124 1 297
297 5 99
77 4 298
298 1 246
299 5 136
299 4 277
300 4 51
300 2 150
77 2 301
298 3 301
286 5 302
1 5 302
54 1 303
303 1 109
304 5 5
304 4 184
10 5 305
43 3 305
6 1 306
2 1 306
131 3 307
66 5 307
308 2 164
308 3 29
309 2 227
309 1 216
310 3 204
310 1 124
279 3 311
311 3 35
77 3 312
246 3 312
193 2 313
313 5 104
314 4 23
314 3 222
279 1 315
10 1 315
215 4 316
274 2 316
217 1 317
317 4 8
253 5 318
3 5 318
26 1 319
319 1 85
112 4 320
84 4 320
35 5 321
321 3 10
322 1 9
322 1 13
323 5 82
323 2 220
253 4 324
3 3 324
325 3 15
8 1 325
121 2 326
249 1 326
233 1 327
327 5 271
3 2 328
207 1 328
56 2 329
329 3 138
330 2 10
163 5 330
27 5 331
25 5 331
66 2 332
332 2 93
333 3 132
333 2 8
334 3 50
334 1 27
42 3 335
335 2 63
336 1 68
53 1 336
2 2 337
81 2 337
338 3 8
25 2 338
339 1 40
120 2 339
340 5 330
10 5 340
15 3 341
8 3 341
244 5 342
1 1 342
77 3 343
13 5 343
344 1 275
344 4 91
209 1 345
9 4 345
20 2 346
346 4 152
347 4 5
187 5 347
131 3 348
348 4 307
43 1 349
305 5 349
23 2 350
197 1 350
351 4 30
351 3 203
32 1 352
175 3 352
353 1 12
252 2 353
354 5 6
59 3 354
148 1 355
151 1 355
356 5 268
356 3 3
3 3 357
357 3 207
8 2 358
25 2 358
359 3 10
172 5 359
360 3 218
122 4 360
1 4 361
361 5 251
6 1 362
59 5 362
363 4 3
20 3 363
123 5 364
364 1 40
365 4 185
365 2 105
366 2 176
366 2 106
367 1 148
355 1 367
368 5 20
346 3 368
1 4 369
369 3 262
45 2 370
36 1 370
371 4 20
371 5 346
372 2 108
231 4 372
373 3 240
140 2 373
230 5 374
294 1 374
375 5 128
375 4 57
376 2 251
113 1 376
377 2 24
377 5 38
378 3 18
74 5 378
66 2 379
379 4 267
354 2 380
6 4 380
381 2 15
9 1 381
28 5 382
117 4 382
383 3 308
383 3 164
54 5 384
148 1 384
385 2 194
3 5 385
386 5 299
277 3 386
387 3 1
61 1 387
388 5 1
388 3 79
389 1 156
389 1 168
390 2 59
390 3 354
351 3 391
391 5 30
127 5 392
392 5 195
393 5 46
393 4 33
394 1 327
271 3 394
198 5 395
132 1 395
396 3 69
25 5 396
175 5 397
397 2 352
229 1 398
398 3 68
399 1 96
399 2 42
400 4 296
400 1 275
401 2 32
401 4 293
80 2 402
46 4 402
403 4 389
156 2 403
404 4 230
404 4 276
405 4 26
405 2 14
406 1 90
406 3 8
407 2 369
262 5 407
39 4 408
8 4 408
24 2 409
143 4 409
379 5 410
267 3 410
8 4 411
411 2 22
412 4 154
412 3 20
413 1 161
43 3 413
414 5 175
414 2 28
397 1 415
352 3 415
416 1 19
416 3 266
417 1 403
389 3 417
418 3 286
251 5 418
419 2 67
419 4 8
9 5 420
126 4 420
199 3 421
9 4 421
17 4 422
23 2 422
423 5 217
8 2 423
53 2 424
170 2 424
425 5 20
152 2 425
426 5 106
426 5 140
55 1 427
134 5 427
25 3 428
428 1 331
429 4 3
211 5 429
53 3 430
430 2 170
42 1 431
335 5 431
8 2 432
432 5 22
433 2 22
192 5 433
434 1 43
434 1 11
435 4 149
435 2 43
436 2 178
436 2 17
437 3 154
174 3 437
438 5 69
438 1 130
1 4 439
439 1 143
26 3 440
440 5 14
6 4 441
61 3 441
442 5 82
442 4 220
156 1 443
443 1 403
444 2 20
444 5 152
445 5 124
445 2 10
446 5 323
82 3 446
447 1 298
301 4 447
13 5 448
100 1 448
177 1 449
8 1 449
124 3 450
450 5 10
365 4 451
105 4 451
393 2 452
452 5 46
453 3 77
453 2 182
454 1 450
10 2 454
393 3 455
452 1 455
356 2 456
456 1 268
457 5 227
457 2 1
458 2 456
458 3 268
304 2 459
459 1 184
375 4 460
460 2 57
461 1 25
235 5 461
92 2 462
68 4 462
463 4 317
463 3 8
464 5 51
464 2 150
45 1 465
8 3 465
466 3 120
339 2 466
467 4 3
328 2 467
468 1 13
468 1 448
469 1 52
469 2 63
221 5 470
15 1 470
270 2 471
471 4 165
286 4 472
472 5 302
430 2 473
473 2 170
474 3 9
108 5 474
18 4 475
475 3 134
476 5 26
476 2 319
336 2 477
477 1 68
151 5 478
478 2 54
479 2 175
28 4 479
480 1 309
480 1 227
414 3 481
481 1 28
482 1 57
482 2 107
277 3 483
386 1 483
484 3 471
165 2 484
485 2 8
485 2 432
486 5 253
486 4 318
487 3 10
43 3 487
488 3 77
488 5 285
489 2 249
326 3 489
490 3 23
490 5 197
15 1 491
491 5 123
492 3 198
166 2 492
96 5 493
42 5 493
156 1 494
494 4 128
84 3 495
1 5 495
299 4 496
136 4 496
497 2 120
339 5 497
216 3 498
267 2 498
499 4 297
499 4 99
3 5 500
318 4 500
172 2 501
501 1 256
502 1 91
502 4 75
244 4 503
503 2 342
426 3 504
504 3 106
230 3 505
505 1 23
506 2 351
506 1 391
17 5 507
507 4 10
508 2 8
62 2 508
509 2 419
509 2 67
8 2 510
510 4 60
82 2 511
511 2 220
512 5 24
38 3 512
244 2 513
513 1 342
514 1 8
60 1 514
6 5 515
362 4 515
516 2 9
269 3 516
217 2 517
248 1 517
518 3 474
9 5 518
9 1 519
108 3 519
8 5 520
520 2 235
360 1 521
218 5 521
522 1 169
522 4 155
523 5 106
140 4 523
524 1 383
308 5 524
525 3 226
60 5 525
526 3 268
3 4 526
527 5 280
527 4 79
528 3 8
528 3 449
529 4 162
25 5 529
19 4 530
266 4 530
5 3 531
203 1 531
532 4 284
532 1 270
3 3 533
533 1 32
1 1 534
534 1 342
124 5 535
535 2 10
19 3 536
37 3 536
537 5 9
381 3 537
538 1 136
3 4 538
539 1 148
539 4 241
19 1 540
31 5 540
541 1 54
541 5 110
46 3 542
542 4 402
209 1 543
543 2 9
544 1 174
20 4 544
545 2 160
8 5 545
546 2 68
11 1 546
547 1 227
547 1 1
548 5 509
548 2 67
549 1 3
18 3 549
130 2 550
550 4 23
396 4 551
551 3 69
552 3 476
552 5 319
172 5 553
553 3 256
4 1 554
554 3 18
545 5 555
160 3 555
556 3 77
556 5 312
557 5 551
69 4 557
558 2 230
276 1 558
559 3 208
196 2 559
560 2 166
127 2 560
561 4 416
561 4 19
562 5 94
562 3 19
563 2 12
252 1 563
564 5 177
564 1 22
565 1 450
10 2 565
566 1 564
22 2 566
520 2 567
567 3 235
130 1 568
568 5 222
227 2 569
1 3 569
570 3 39
570 1 8
26 1 571
571 5 14
572 2 84
1 1 572
108 1 573
573 2 519
204 3 574
574 4 124
49 1 575
9 4 575
576 3 522
155 5 576
577 3 8
577 5 520
578 2 360
578 2 521
238 4 579
579 1 104
8 3 580
62 5 580
581 5 1
581 3 495
582 5 82
582 2 220
3 2 583
583 4 2
262 4 584
584 5 407
15 2 585
179 3 585
406 5 586
586 1 90
587 1 314
23 3 587
360 2 588
218 2 588
4 1 589
554 3 589
590 1 403
389 5 590
217 1 591
591 2 248
386 4 592
592 1 483
8 3 593
593 2 5
240 3 594
594 2 140
102 5 595
595 3 41
252 4 596
563 4 596
597 1 333
597 2 132
598 4 583
2 3 598
599 1 509
67 2 599
463 2 600
600 3 8
601 2 15
601 4 104
39 1 602
58 5 602
603 5 13
603 4 100
604 3 590
604 5 403
605 5 102
41 4 605
373 5 606
606 1 240
192 1 607
433 2 607
608 5 6
608 4 362
217 5 609
591 2 609
610 2 586
610 4 90
9 4 611
518 2 611
612 4 62
17 4 612
613 4 24
613 3 409
42 1 614
614 2 335
122 3 615
615 4 15
39 1 616
255 3 616
617 4 10
43 1 617
137 1 618
618 5 32
619 3 389
417 5 619
620 5 124
535 2 620
25 5 621
396 2 621
622 5 10
454 2 622
623 4 28
479 5 623
624 3 9
381 5 624
625 2 67
8 5 625
31 3 626
626 2 540
627 5 136
627 3 245
628 1 340
330 4 628
503 5 629
629 2 342
520 1 630
235 2 630
175 3 631
631 1 352
632 2 378
18 4 632
633 1 411
22 1 633
634 1 3
138 1 634
191 5 635
125 3 635
636 1 77
636 5 301
637 2 54
637 4 110
638 5 453
638 2 182
610 3 639
90 2 639
640 5 486
253 5 640
641 4 279
641 2 315
642 2 401
293 1 642
308 5 643
643 5 164
644 5 47
644 5 73
645 2 246
312 5 645
646 2 66
379 1 646
647 4 604
590 4 647
648 2 351
648 1 30
649 3 590
403 3 649
650 1 42
63 3 650
651 2 17
70 2 651
652 1 648
652 4 30
494 5 653
128 5 653
654 4 5
22 3 654
209 4 655
655 5 543
459 3 656
656 5 184
657 4 122
657 4 360
658 4 638
182 4 658
10 4 659
305 1 659
608 1 660
660 1 362
661 2 235
461 5 661
662 5 435
662 2 149
12 1 663
89 1 663
156 1 664
664 3 403
8 1 665
665 5 465
231 1 666
372 4 666
667 4 471
165 5 667
4 3 668
668 1 3
669 2 141
669 1 209
148 5 670
670 2 110
32 5 671
352 4 671
39 3 672
672 2 408
19 4 673
2 1 673
319 1 674
85 2 674
604 4 675
403 4 675
8 4 676
520 1 676
677 2 127
195 5 677
3 4 678
678 5 28
641 3 679
279 4 679
39 5 680
255 4 680
681 5 512
681 1 24
682 4 289
682 3 128
683 4 218
683 1 521
303 4 684
109 2 684
685 3 645
685 1 246
577 1 686
686 1 520
564 3 687
687 1 22
688 5 62
17 5 688
689 3 245
74 3 689
690 1 185
105 1 690
691 5 124
691 4 535
328 4 692
467 5 692
693 3 463
8 2 693
42 2 694
694 1 493
3 2 695
318 1 695
108 5 696
696 1 573
697 4 8
697 2 449
698 1 39
698 3 255
699 2 669
141 1 699
700 5 12
700 5 82
701 2 541
701 4 54
17 5 702
70 2 702
703 2 18
549 3 703
704 1 693
704 2 463
10 3 705
705 5 565
706 1 356
3 2 706
707 5 131
12 3 707
708 5 86
3 1 708
709 1 11
274 5 709
710 5 6
710 4 59
711 5 137
711 3 32
488 1 712
77 5 712
43 2 713
713 5 413
10 4 714
210 3 714
715 5 244
715 2 513
197 1 716
350 5 716
377 1 717
38 3 717
573 4 718
718 5 519
719 5 262
719 5 407
260 5 720
25 3 720
721 5 37
721 1 536
275 1 722
91 2 722
723 4 8
676 1 723
724 1 70
724 3 23
648 2 725
351 4 725
726 2 539
726 5 241
279 5 727
315 1 727
42 2 728
728 5 614
5 1 729
95 4 729
730 3 174
730 1 20
42 3 731
731 2 728
90 1 732
732 2 287
733 5 2
733 5 306
636 1 734
301 5 734
735 1 71
735 1 4
82 5 736
511 5 736
737 2 121
737 4 249
43 1 738
738 5 111
592 1 739
739 2 483
488 1 740
740 4 712
43 1 741
741 3 617
742 1 724
70 2 742
743 4 51
237 2 743
3 5 744
538 3 744
5 5 745
745 3 203
417 1 746
746 3 619
747 5 724
70 1 747
748 4 250
79 2 748
117 3 749
749 2 181
9 2 750
750 1 381
315 1 751
751 3 727
42 5 752
265 4 752
753 5 173
753 4 5
286 5 754
754 4 1
755 2 18
755 2 632
756 1 488
77 2 756
414 5 757
28 5 757
758 1 36
758 4 8
628 2 759
759 5 340
708 2 760
86 3 760
761 3 76
761 5 5
762 5 293
762 1 137
41 4 763
17 4 763
17 2 764
764 4 702
657 3 765
765 5 360
701 3 766
766 1 54
279 1 767
767 3 727
768 5 15
40 3 768
552 3 769
476 2 769
770 4 412
154 4 770
348 5 771
307 2 771
269 2 772
516 5 772
209 3 773
773 5 655
132 3 774
774 1 8
9 3 775
97 1 775
244 1 776
776 2 1
356 3 777
3 4 777
227 4 778
778 1 569
779 3 216
779 2 267
780 1 648
780 3 725
781 5 272
781 1 60
782 5 529
162 4 782
346 5 783
783 1 152
528 4 784
449 2 784
582 4 785
785 3 82
786 5 257
47 4 786
2 2 787
787 4 598
788 1 56
138 3 788
6 5 789
789 2 441
101 3 790
790 2 49
80 4 791
402 1 791
792 4 52
792 3 42
47 4 793
786 1 793
794 5 175
794 3 352
795 1 67
8 3 795
17 1 796
23 2 796
797 3 194
797 2 3
8 4 798
798 4 164
799 3 122
799 2 199
800 3 389
800 1 168
799 3 801
199 5 801
802 3 209
543 5 802
527 3 803
79 4 803
804 4 220
12 1 804
148 5 805
805 2 384
806 1 484
806 1 471
250 2 807
79 5 807
141 2 808
699 5 808
542 1 809
809 3 402
169 3 810
155 3 810
811 2 230
811 1 505
812 5 11
812 4 5
813 5 140
270 5 813
814 4 25
621 2 814
815 5 487
10 4 815
46 1 816
402 2 816
10 4 817
21 3 817
24 1 818
143 1 818
819 3 28
819 5 382
127 3 820
820 4 195
1 1 821
12 4 821
518 2 822
822 1 474
103 1 823
1 4 823
17 5 824
612 4 824
825 2 42
825 5 731
826 3 30
826 1 3
177 5 827
449 3 827
613 3 828
409 1 828
209 1 829
773 1 829
830 2 701
830 3 54
831 4 128
831 4 133
15 2 832
341 3 832
833 5 15
832 3 833
834 3 84
834 3 6
794 2 835
352 1 835
836 4 136
74 3 836
53 4 837
48 5 837
838 5 80
838 1 46
839 1 435
43 1 839
840 5 166
840 1 295
491 3 841
841 5 123
236 5 842
842 2 13
700 5 843
12 5 843
641 2 844
279 2 844
456 2 845
845 4 268
846 1 267
410 5 846
10 4 847
847 2 815
19 5 848
530 1 848
849 4 70
747 4 849
497 2 850
850 1 120
851 4 681
851 4 24
11 5 852
852 3 191
853 2 7
853 2 3
330 1 854
10 5 854
855 1 78
855 1 2
856 1 781
856 2 272
857 4 490
23 2 857
858 5 601
858 5 15
259 3 859
68 3 859
860 1 544
860 5 174
188 3 861
28 2 861
8 2 862
408 4 862
863 3 303
863 5 109
122 3 864
615 4 864
865 4 175
865 3 397
866 1 389
866 3 156
867 1 70
651 5 867
868 4 10
868 4 163
869 1 4
869 1 3
870 5 253
870 1 640
8 3 871
432 1 871
872 3 15
104 4 872
873 5 476
319 5 873
874 3 518
874 5 474
19 4 875
540 5 875
144 4 876
876 4 97
877 5 8
877 4 545
878 3 318
878 1 695
352 1 879
879 5 415
880 5 39
880 2 27
80 4 881
402 3 881
882 3 8
795 1 882
686 2 883
883 2 520
884 1 46
884 5 402
885 4 389
417 1 885
886 3 152
886 2 97
112 4 887
887 4 320
10 5 888
888 1 847
491 5 889
123 1 889
624 1 890
9 2 890
128 2 891
891 1 133
892 4 548
892 2 509
893 5 269
516 3 893
894 5 209
829 1 894
895 4 101
141 2 895
896 3 514
8 2 896
897 5 535
620 3 897
898 2 157
898 3 259
172 4 899
41 4 899
900 3 170
900 1 92
113 3 901
376 5 901
902 5 314
902 2 23
903 5 709
903 1 11
904 3 325
15 4 904
558 1 905
905 4 230
400 2 906
906 1 275
636 4 907
734 5 907
908 1 47
73 5 908
494 2 909
653 4 909
910 4 584
910 4 407
911 3 52
3 5 911
17 2 912
912 5 23
533 2 913
913 4 32
217 4 914
517 5 914
915 3 5
915 4 531
916 1 12
916 3 116
917 3 108
231 1 917
918 5 15
918 4 179
362 3 919
919 5 515
27 4 920
920 5 331
921 4 336
921 5 68
155 3 922
922 2 107
778 4 923
569 4 923
924 5 491
924 2 889
925 3 191
125 4 925
926 2 112
926 2 223
652 3 927
927 2 648
84 1 928
1 4 928
929 2 54
929 1 18
930 3 68
930 2 11
372 3 931
931 5 666
839 4 932
932 1 435
3 1 933
933 5 706
396 2 934
551 3 934
935 4 9
935 5 126
936 5 69
936 5 25
937 3 838
937 2 80
938 5 599
509 3 938
6 4 939
939 4 61
940 4 833
15 5 940
8 3 941
941 4 173
83 5 942
942 4 5
943 4 11
161 3 943
944 5 41
763 3 944
53 3 945
945 4 430
742 5 946
946 1 724
947 4 351
947 2 30
373 1 948
948 5 240
203 5 949
949 4 531
950 3 5
44 2 950
310 3 951
124 3 951
105 4 952
952 4 451
953 2 362
515 5 953
954 1 469
954 5 63
955 5 60
955 1 514
502 4 956
91 2 956
790 2 957
49 3 957
177 3 958
22 1 958
204 3 959
959 1 124
55 5 960
960 5 427
961 4 711
961 5 32
176 5 962
962 2 106
91 5 963
75 5 963
964 5 664
403 2 964
240 2 965
594 1 965
966 2 198
132 1 966
967 2 134
967 1 427
929 5 968
18 4 968
77 3 969
969 4 343
970 3 42
614 5 970
971 3 969
343 1 971
972 5 103
84 4 972
973 2 36
8 2 973
974 1 67
974 2 8
301 4 975
734 5 975
39 5 976
976 5 27
977 5 17
977 4 912
233 2 978
978 3 327
979 2 8
941 5 979
778 3 980
569 2 980
981 4 488
285 2 981
3 1 982
357 1 982
49 4 983
957 4 983
984 5 311
35 4 984
985 3 838
80 5 985
39 1 986
986 5 672
987 2 551
69 1 987
73 1 988
908 1 988
469 1 989
52 3 989
479 5 990
623 4 990
991 2 19
991 3 536
636 3 992
992 4 734
894 1 993
209 4 993
164 3 994
994 5 29
995 1 9
995 2 575
123 4 996
364 1 996
946 5 997
724 1 997
237 4 998
998 1 150
54 4 999
999 2 303
433 2 1000
607 2 1000
689 00 604
