1000
974 2 975
1 3 3
174 3 805
850 3 909
877 2 878
4 3 6
5 5 6
3 3 7
885 1 886
7 1 8
838 4 896
8 3 9
5 2 10
6 1 11
10 1 11
9 4 12
11 3 12
851 2 910
8 2 14
13 4 14
9 5 15
834 2 892
12 5 16
15 5 16
10 4 17
11 1 18
17 4 18
12 4 19
18 1 19
16 5 20
19 1 20
13 2 21
14 2 22
21 5 22
15 1 23
22 1 23
16 2 24
23 1 24
20 1 25
24 5 25
17 4 26
18 2 27
26 1 27
19 3 28
27 1 28
20 1 29
806 3 863
25 1 30
29 2 30
21 1 31
22 3 32
31 1 32
23 1 33
32 3 33
814 1 873
841 4 899
25 4 35
58 4 814
30 1 36
35 1 36
26 3 37
833 1 834
37 2 38
28 5 39
38 5 39
29 5 40
39 2 40
30 3 41
40 2 41
801 1 858
41 4 42
31 4 43
205 3 71
987 4 71
33 3 45
985 3 205
978 5 814
45 2 46
35 2 47
46 1 47
832 3 833
47 2 48
42 1 49
48 5 49
37 3 50
38 2 51
50 4 51
39 3 52
51 4 52
40 1 53
52 1 53
41 1 54
53 4 54
261 4 920
548 1 528
49 3 56
992 2 528
43 4 57
986 2 205
933 5 995
45 1 59
893 3 894
46 1 60
59 5 60
47 1 61
60 3 61
48 4 62
882 3 883
49 3 63
62 5 63
56 1 64
63 2 64
50 3 65
51 5 66
953 5 599
52 3 67
955 1 956
53 3 68
67 2 68
54 3 69
916 5 917
991 4 548
69 1 70
952 3 688
760 2 888
64 1 72
951 4 888
57 5 73
993 5 994
73 5 74
59 2 75
74 4 75
60 1 76
75 4 76
61 5 77
76 3 77
62 3 78
77 4 78
63 3 79
78 1 79
64 1 80
79 1 80
871 4 872
80 4 81
65 3 82
66 3 83
82 2 83
67 4 84
83 4 84
68 4 85
84 1 85
69 3 86
85 5 86
70 4 87
86 3 87
159 4 760
44 3 316
72 1 89
88 2 89
81 3 90
89 3 90
858 1 917
74 4 92
91 5 92
75 4 93
809 1 866
76 5 94
93 2 94
77 2 95
94 3 95
78 4 96
95 2 96
79 3 97
96 2 97
80 3 98
97 4 98
780 3 836
889 3 949
90 1 100
947 4 948
82 2 101
83 4 102
101 1 102
860 3 919
830 2 831
85 2 104
915 2 916
86 2 105
104 5 105
87 1 106
105 4 106
88 3 107
106 2 107
89 2 108
107 3 108
129 3 564
503 5 34
100 5 110
2 5 34
91 3 111
92 1 112
111 2 112
93 1 113
112 4 113
950 5 951
891 3 951
95 3 115
949 3 950
818 2 876
115 3 116
97 2 117
852 1 911
98 5 118
117 2 118
882 3 942
118 2 119
100 3 120
119 5 120
110 1 121
120 4 121
101 4 122
102 1 123
122 3 123
135 4 523
931 3 993
104 4 125
255 1 844
105 5 126
125 2 126
106 1 127
126 2 127
107 3 128
127 2 128
922 3 923
864 3 923
837 1 503
994 4 439
110 3 131
528 5 920
121 3 132
798 5 855
111 4 133
112 1 134
133 2 134
900 4 930
159 2 521
890 2 950
870 2 929
115 5 137
136 4 137
116 3 138
137 5 138
117 4 139
138 4 139
118 3 140
139 1 140
119 5 141
140 3 141
120 2 142
141 2 142
121 1 143
142 4 143
132 5 144
143 3 144
122 3 145
123 4 146
145 5 146
99 1 844
826 1 884
125 1 148
147 2 148
126 4 149
148 3 149
127 1 150
149 4 150
128 1 151
150 2 151
921 5 922
151 3 152
993 4 189
152 3 153
131 1 154
863 1 864
132 3 155
792 2 849
144 1 156
155 5 156
133 4 157
134 3 158
157 1 158
938 3 939
879 3 939
136 2 160
808 2 865
137 4 161
160 5 161
138 4 162
161 3 162
139 3 163
162 1 163
849 2 850
163 1 164
141 5 165
164 2 165
142 1 166
165 4 166
143 3 167
166 4 167
888 3 688
167 1 168
156 5 169
168 3 169
914 2 975
146 4 171
114 1 331
147 3 172
171 4 172
148 3 173
172 2 173
960 2 961
930 2 961
150 3 175
959 5 960
151 4 176
175 5 176
152 2 177
176 3 177
153 5 178
799 1 856
154 4 179
178 4 179
155 5 180
179 1 180
156 3 181
180 2 181
169 4 182
181 2 182
157 4 183
849 2 908
183 2 184
878 2 938
184 3 185
160 4 186
185 5 186
161 3 187
186 5 187
162 4 188
187 1 188
964 3 594
260 3 283
164 5 190
963 3 283
165 2 191
190 2 191
166 2 192
191 4 192
167 3 193
192 4 193
828 3 886
193 5 194
169 4 195
194 4 195
182 1 196
195 1 196
956 5 331
171 4 198
197 5 198
172 5 199
198 4 199
173 5 200
199 5 200
900 5 960
200 3 201
175 4 202
201 5 202
176 1 203
202 1 203
177 3 204
203 4 204
909 4 910
895 3 159
179 5 206
949 5 159
180 1 207
206 5 207
181 4 208
207 3 208
182 4 209
208 4 209
196 5 210
209 2 210
183 1 211
184 3 212
211 3 212
185 5 213
212 4 213
186 2 214
213 3 214
187 4 215
214 5 215
188 1 216
215 4 216
962 2 260
216 3 217
190 1 218
217 2 218
191 4 219
218 4 219
999 1 1000
938 3 1000
688 4 599
998 3 999
194 1 222
221 3 222
195 5 223
222 1 223
196 3 224
223 1 224
210 4 225
224 1 225
197 1 226
198 2 227
865 2 866
199 3 228
227 5 228
200 3 229
316 4 170
944 1 135
874 2 875
202 3 231
99 3 114
203 3 232
231 3 232
204 5 233
232 4 233
456 2 895
233 2 234
206 4 235
829 1 887
207 1 236
782 2 838
208 2 237
236 4 237
209 1 238
237 2 238
912 3 913
238 2 239
225 4 240
239 4 240
875 3 876
212 3 242
241 2 242
213 3 243
242 3 243
214 3 244
243 1 244
215 3 245
244 5 245
216 5 246
245 2 246
217 2 247
246 4 247
218 1 248
247 1 248
869 2 928
248 4 249
937 2 999
249 3 250
221 1 251
250 4 251
222 4 252
251 1 252
223 5 253
252 3 253
224 2 254
253 2 254
135 4 316
992 4 261
240 2 256
954 2 99
820 1 878
227 4 258
889 3 890
775 2 831
258 3 259
906 2 967
965 3 966
356 2 585
905 5 966
231 5 262
904 2 965
232 5 263
941 1 942
233 1 264
263 1 264
234 1 265
264 2 265
235 1 266
265 1 266
236 1 267
266 2 267
237 1 268
267 3 268
238 2 269
268 4 269
239 2 270
269 1 270
240 1 271
270 4 271
256 1 272
271 4 272
241 5 273
242 5 274
273 3 274
243 1 275
274 4 275
244 5 276
275 4 276
245 2 277
276 3 277
246 4 278
796 3 853
247 5 279
278 3 279
248 4 280
279 5 280
249 5 281
280 5 281
250 2 282
281 2 282
813 5 871
967 1 968
252 1 284
907 5 968
253 5 285
284 2 285
254 3 286
285 2 286
541 2 532
361 3 521
256 3 288
287 5 288
272 2 289
851 2 852
257 3 290
258 5 291
290 2 291
259 1 292
291 4 292
964 5 965
292 5 293
963 1 964
293 4 294
262 3 295
294 3 295
263 3 296
295 2 296
264 5 297
296 5 297
265 1 298
297 1 298
266 3 299
298 5 299
267 4 300
299 3 300
268 4 301
300 3 301
269 2 302
301 1 302
270 2 303
855 2 914
271 5 304
303 2 304
942 1 585
129 5 356
289 3 306
941 2 356
273 3 307
274 4 308
898 1 899
275 5 309
308 5 309
276 4 310
309 5 310
277 2 311
310 3 311
278 4 312
311 4 312
279 2 313
312 2 313
280 2 314
313 5 314
281 2 315
842 1 901
427 2 880
989 1 845
966 3 967
967 3 839
284 1 318
317 5 318
285 1 319
318 2 319
286 5 320
936 5 937
287 4 321
320 3 321
288 3 322
321 4 322
289 2 323
322 3 323
306 3 324
323 3 324
290 1 325
291 4 326
325 5 326
292 2 327
326 1 327
293 1 328
327 3 328
294 2 329
328 1 329
295 3 330
329 1 330
952 2 953
853 1 854
297 1 332
951 4 952
958 4 959
899 4 959
299 5 334
957 4 958
300 3 335
334 5 335
301 2 336
335 1 336
302 4 337
336 1 337
303 1 338
337 2 338
304 1 339
338 5 339
2 3 129
339 5 340
306 5 341
340 1 341
324 2 342
899 3 900
307 4 343
308 5 344
343 4 344
309 5 345
344 1 345
310 4 346
345 3 346
311 3 347
346 1 347
312 4 348
347 5 348
954 3 955
877 2 937
901 3 902
953 1 954
315 2 351
350 1 351
880 3 839
351 3 352
317 2 353
352 3 353
318 1 354
353 5 354
319 4 355
354 2 355
895 2 361
866 1 925
321 4 357
923 2 924
322 2 358
357 5 358
323 3 359
358 3 359
324 2 360
359 4 360
996 1 774
439 1 861
325 4 362
326 5 363
362 1 363
327 5 364
363 2 364
328 2 365
364 5 365
329 2 366
365 4 366
330 2 367
366 4 367
892 4 952
367 3 368
332 1 369
368 3 369
898 3 958
369 3 370
334 2 371
370 1 371
335 3 372
371 3 372
336 1 373
372 3 373
337 1 374
373 3 374
338 5 375
776 4 832
857 4 762
349 2 762
340 4 377
961 2 992
341 3 378
377 4 378
342 2 379
378 3 379
995 4 861
379 2 380
343 5 381
975 1 976
850 1 851
973 2 974
382 1 383
346 1 384
383 4 384
347 4 385
384 2 385
348 1 386
385 4 386
894 4 954
386 5 387
350 2 388
790 3 847
351 5 389
388 2 389
352 5 390
389 5 390
791 5 848
390 4 391
354 4 392
391 1 392
355 4 393
392 3 393
865 4 924
393 2 394
357 5 395
394 2 395
358 4 396
395 2 396
359 1 397
396 4 397
875 4 935
971 5 802
973 4 423
978 2 979
380 4 400
399 4 400
362 1 401
883 4 943
401 1 402
364 2 403
402 2 403
365 4 404
403 1 404
366 1 405
404 3 405
367 1 406
847 1 906
368 5 407
406 2 407
864 5 865
407 5 408
130 3 361
408 1 409
975 3 596
409 3 410
785 5 842
410 3 411
373 5 412
411 3 412
374 1 413
412 2 413
375 1 414
413 5 414
331 2 857
414 3 415
377 4 416
415 1 416
378 2 417
416 3 417
379 5 418
417 3 418
380 2 419
418 2 419
400 5 420
419 1 420
381 2 421
382 1 422
421 4 422
925 3 986
986 4 987
384 5 424
896 3 956
385 4 425
424 3 425
386 4 426
425 3 426
912 3 973
971 3 972
388 5 428
911 1 972
389 4 429
428 2 429
390 1 430
429 3 430
391 3 431
430 5 431
392 5 432
431 2 432
393 3 433
432 2 433
394 3 434
433 4 434
395 1 435
434 3 435
396 3 436
435 1 436
846 1 847
436 5 437
876 2 936
779 2 835
966 2 880
594 4 427
400 5 440
965 4 427
420 5 441
440 2 441
401 5 442
402 2 443
442 4 443
403 1 444
443 5 444
404 1 445
444 5 445
405 4 446
445 2 446
406 4 447
446 2 447
407 2 448
447 4 448
408 2 449
913 2 974
409 3 450
449 4 450
410 2 451
450 5 451
411 4 452
451 5 452
412 4 453
452 1 453
413 5 454
453 1 454
848 3 907
454 4 455
981 4 982
921 5 982
416 3 457
980 1 981
417 4 458
457 2 458
418 3 459
458 3 459
419 5 460
459 5 460
420 2 461
460 1 461
441 4 462
461 1 462
884 5 885
1000 3 503
996 2 997
947 1 456
999 1 837
424 1 466
465 2 466
425 3 467
823 1 881
426 1 468
467 5 468
970 5 971
468 2 469
817 5 875
469 4 470
429 3 471
470 3 471
430 5 472
471 1 472
891 4 892
472 3 473
432 5 474
473 2 474
433 4 475
474 3 475
434 4 476
475 3 476
435 5 477
476 5 477
436 3 478
477 3 478
437 4 479
478 4 479
438 3 480
479 4 480
283 4 594
480 5 481
440 5 482
481 1 482
441 3 483
482 2 483
462 5 484
483 1 484
442 1 485
443 1 486
485 3 486
868 2 869
486 1 487
445 5 488
487 5 488
905 3 906
488 2 489
447 3 490
489 4 490
836 5 894
490 4 491
449 2 492
491 1 492
450 3 493
492 1 493
451 3 494
493 2 494
452 3 495
494 1 495
453 3 496
495 3 496
454 4 497
496 4 497
977 5 978
917 3 978
961 1 805
976 2 977
457 1 500
499 2 500
458 4 501
500 3 501
459 2 502
501 2 502
902 3 903
977 1 58
461 2 504
1000 5 2
462 5 505
504 1 505
484 3 506
505 4 506
463 1 507
936 5 998
507 3 508
465 3 509
508 5 509
896 2 897
509 2 510
859 4 860
510 3 511
468 1 512
511 4 512
469 5 513
512 1 513
470 5 514
513 4 514
795 3 852
979 5 980
472 2 516
932 2 933
473 2 517
516 3 517
474 2 518
517 2 518
475 1 519
518 1 519
476 5 520
519 2 520
997 5 998
774 5 398
478 1 522
862 1 863
931 4 932
872 4 932
480 4 524
871 1 931
481 1 525
524 5 525
482 4 526
525 4 526
994 5 995
526 4 527
333 5 174
855 1 856
942 2 943
926 5 333
831 5 832
486 2 531
530 4 531
918 5 985
523 3 515
488 3 533
230 2 918
897 2 898
533 1 534
490 1 535
534 1 535
491 2 536
535 3 536
803 2 860
816 1 874
493 1 538
537 5 538
494 5 539
797 3 854
948 3 895
928 3 989
305 3 230
983 2 230
497 5 542
956 3 957
916 5 977
688 5 674
914 4 915
543 3 544
500 1 545
544 2 545
501 3 546
545 3 546
502 5 547
546 4 547
940 3 129
867 5 868
504 2 549
331 3 349
505 5 550
549 2 550
847 2 848
550 1 551
529 1 552
551 5 552
507 3 553
508 3 554
553 2 554
509 2 555
876 3 877
510 1 556
805 3 261
511 1 557
556 4 557
512 5 558
557 1 558
513 3 559
558 5 559
514 5 560
559 4 560
972 5 988
560 3 561
516 2 562
835 2 893
517 2 563
562 2 563
897 4 957
868 3 927
519 3 565
873 3 220
520 2 566
565 3 566
861 2 774
566 1 567
522 1 568
567 5 568
929 2 930
568 4 569
524 4 570
569 2 570
525 3 571
570 1 571
526 5 572
571 3 572
527 2 573
572 1 573
908 3 909
573 3 574
529 2 575
574 2 575
552 5 576
575 3 576
530 3 577
825 3 883
577 1 578
984 5 918
578 5 579
533 4 580
579 5 580
534 4 581
580 4 581
535 2 582
581 2 582
536 5 583
582 1 583
537 1 584
583 5 584
55 2 130
456 4 130
539 1 586
170 3 55
515 4 456
586 3 587
982 3 305
587 5 588
542 4 589
588 3 589
543 2 590
589 4 590
544 2 591
590 4 591
545 5 592
591 5 592
546 5 593
592 1 593
910 3 971
946 1 515
958 2 926
909 1 970
990 1 991
930 1 991
550 5 597
989 3 990
551 1 598
597 1 598
946 4 947
887 1 947
576 3 600
945 2 946
553 1 601
554 3 602
904 1 905
840 5 124
848 3 849
556 3 604
762 3 840
834 1 835
604 4 605
558 2 606
605 3 606
559 4 607
606 3 607
560 5 608
607 4 608
561 2 609
608 4 609
562 4 610
609 1 610
854 1 913
821 5 879
980 4 220
611 5 612
565 1 613
612 5 613
566 3 614
613 3 614
567 1 615
614 1 615
568 3 616
615 1 616
569 2 617
616 1 617
570 1 618
617 4 618
843 1 619
920 5 619
572 1 620
603 4 843
573 4 621
620 4 621
911 2 912
621 4 622
575 4 623
622 3 623
576 5 624
623 3 624
870 4 900
988 4 423
577 4 626
578 5 627
626 3 627
579 5 628
627 4 628
580 5 629
628 1 629
581 4 630
629 1 630
582 2 631
630 1 631
583 4 632
631 3 632
584 4 633
632 3 633
515 5 55
633 3 634
586 2 635
634 1 635
587 5 636
635 3 636
588 4 637
636 3 637
589 5 638
637 4 638
674 2 255
638 3 639
174 4 376
639 2 640
913 3 914
640 5 641
593 1 642
641 5 642
832 5 890
642 3 643
595 4 644
866 3 867
929 1 990
644 4 645
597 2 646
645 1 646
831 1 889
646 5 647
886 5 946
647 1 648
600 2 649
648 5 649
625 4 650
649 5 650
601 4 651
602 3 652
651 3 652
926 4 840
652 5 653
604 4 654
653 1 654
886 5 887
654 3 655
606 3 656
655 4 656
607 2 657
656 2 657
608 2 658
657 4 658
609 2 659
658 1 659
610 3 660
659 3 660
611 5 661
660 5 661
612 4 662
661 1 662
613 2 663
662 5 663
945 4 523
663 2 664
615 5 665
664 1 665
616 5 666
665 2 666
617 4 667
666 5 667
618 3 668
667 2 668
261 2 843
901 1 962
620 1 670
669 4 670
621 3 671
670 3 671
622 5 672
671 1 672
623 4 673
672 4 673
585 3 532
564 5 541
853 2 912
793 3 850
650 3 676
675 2 676
626 2 677
627 2 678
677 5 678
628 2 679
678 4 679
629 1 680
679 5 680
630 3 681
858 5 859
631 3 682
681 3 682
632 4 683
682 1 683
633 2 684
683 3 684
807 1 864
684 3 685
635 5 686
685 3 686
636 1 687
686 2 687
944 3 945
885 5 945
638 5 689
943 5 944
639 1 690
689 4 690
640 5 691
690 3 691
641 3 692
691 1 692
642 1 693
692 4 693
643 2 694
693 4 694
644 5 695
694 4 695
645 3 696
695 1 696
646 3 697
696 1 697
647 3 698
697 5 698
648 2 699
698 3 699
649 2 700
699 5 700
890 5 891
700 3 701
676 2 702
701 3 702
651 2 703
652 5 704
703 2 704
653 5 705
704 2 705
654 5 706
705 3 706
655 3 707
706 2 707
656 5 708
707 2 708
657 3 709
708 3 709
658 1 710
709 3 710
659 1 711
710 5 711
660 3 712
711 1 712
661 5 713
712 3 713
662 2 714
856 3 915
663 1 715
714 3 715
664 1 716
812 3 869
665 5 717
716 1 717
666 1 718
717 1 718
667 5 719
718 5 719
109 5 674
719 4 720
669 2 721
720 5 721
670 3 722
721 3 722
671 5 723
722 3 723
672 2 724
723 5 724
673 3 725
724 4 725
34 1 564
819 5 877
675 5 727
726 4 727
676 3 728
727 1 728
702 4 729
728 1 729
677 2 730
678 3 731
730 5 731
679 1 732
731 1 732
680 3 733
732 1 733
681 5 734
733 1 734
682 5 735
734 3 735
683 4 736
735 2 736
684 2 737
736 1 737
685 1 738
737 4 738
686 4 739
910 1 911
810 4 867
739 1 740
884 4 944
740 3 741
689 1 742
741 5 742
690 3 743
742 2 743
691 2 744
743 4 744
692 3 745
744 1 745
693 2 746
802 2 988
694 3 747
746 3 747
695 2 748
747 1 748
696 5 749
748 1 749
697 4 750
749 5 750
824 5 882
869 3 870
833 5 891
751 2 752
700 1 753
752 5 753
701 5 754
753 1 754
702 1 755
754 3 755
729 2 756
755 1 756
703 4 757
704 5 758
757 3 758
705 5 759
758 2 759
940 1 941
881 3 941
707 5 761
846 3 905
464 3 109
888 1 109
709 5 763
521 1 464
710 2 764
763 4 764
711 2 765
764 2 765
712 1 766
765 4 766
713 1 767
766 1 767
714 1 768
767 4 768
715 2 769
768 1 769
716 1 770
769 1 770
717 5 771
922 5 983
718 3 772
771 3 772
719 3 773
772 1 773
498 2 934
969 3 934
721 1 775
839 1 498
722 5 776
775 2 776
723 1 777
776 5 777
724 2 778
777 4 778
725 3 779
778 5 779
726 2 780
779 5 780
727 3 781
974 5 540
728 2 782
781 2 782
729 1 783
782 1 783
599 1 255
783 1 784
730 1 785
731 4 786
785 1 786
732 2 787
786 2 787
733 2 788
787 3 788
734 1 789
788 1 789
735 2 790
789 2 790
736 2 791
790 4 791
892 5 893
812 4 841
738 4 793
792 2 793
739 4 794
789 5 846
740 5 795
794 2 795
741 5 796
795 2 796
742 1 797
796 2 797
743 1 798
797 5 798
744 3 799
798 2 799
745 4 800
799 5 800
746 3 801
800 3 801
983 2 984
923 5 984
376 1 603
982 1 983
749 5 804
803 3 804
903 4 964
962 1 963
751 2 806
902 5 963
752 5 807
806 5 807
753 3 808
807 5 808
754 1 809
808 3 809
755 3 810
809 2 810
756 3 811
810 5 811
784 3 812
811 4 812
757 4 813
935 2 997
995 1 996
759 4 815
599 5 99
972 3 973
815 4 816
761 3 817
816 5 817
760 1 464
817 3 818
763 4 819
818 4 819
764 4 820
819 3 820
765 1 821
906 3 907
766 1 822
821 4 822
767 4 823
822 4 823
935 5 936
823 2 824
769 1 825
854 5 855
770 1 826
423 5 540
771 2 827
540 3 596
772 2 828
827 3 828
915 5 976
828 1 829
968 3 498
829 2 830
173 00 603
