1000
1 4 2
1 1 3
2 1 4
3 4 4
2 4 5
4 1 6
788 2 845
3 4 7
877 4 878
669 5 56
6 2 9
836 2 837
5 4 10
6 2 11
10 2 11
827 3 828
826 5 884
7 2 13
964 1 711
189 1 615
892 3 893
963 2 615
12 1 16
15 4 16
816 3 874
11 3 18
17 1 18
12 1 19
18 3 19
16 5 20
19 2 20
13 2 21
962 2 189
21 4 22
15 1 23
22 1 23
16 1 24
23 4 24
979 3 980
919 1 980
915 3 916
18 2 27
26 2 27
277 1 854
979 2 854
20 2 29
220 1 277
978 5 979
29 5 30
21 1 31
22 4 32
31 1 32
23 5 33
32 4 33
24 3 34
33 1 34
918 3 979
34 3 35
30 4 36
35 2 36
26 5 37
27 5 38
37 1 38
978 1 277
38 4 39
29 2 40
39 4 40
30 2 41
40 5 41
36 1 42
41 5 42
31 2 43
32 3 44
43 1 44
33 2 45
44 2 45
34 4 46
45 1 46
35 2 47
46 3 47
36 3 48
47 1 48
42 3 49
48 3 49
823 4 881
38 3 51
50 3 51
39 5 52
51 1 52
40 5 53
52 3 53
41 5 54
53 5 54
878 3 879
54 2 55
336 1 371
997 4 371
43 5 57
44 1 58
57 1 58
45 5 59
58 5 59
46 4 60
59 1 60
47 1 61
60 3 61
992 2 981
273 2 748
49 1 63
991 5 748
990 4 336
63 4 64
50 4 65
51 1 66
65 2 66
52 4 67
66 2 67
53 3 68
67 4 68
54 4 69
68 2 69
938 1 939
879 5 939
996 2 336
937 4 938
64 1 72
71 5 72
943 3 131
58 5 74
396 2 168
59 3 75
74 2 75
60 4 76
75 3 76
61 3 77
76 3 77
714 3 273
77 4 78
63 5 79
78 2 79
64 1 80
79 5 80
72 2 81
80 2 81
65 5 82
66 2 83
82 5 83
67 1 84
83 5 84
68 2 85
84 5 85
69 1 86
85 2 86
878 4 938
86 2 87
71 3 88
87 5 88
72 2 89
88 5 89
81 4 90
89 4 90
942 5 168
796 5 853
91 4 92
916 4 917
782 4 838
966 4 330
711 2 728
77 4 95
965 2 728
78 2 96
95 4 96
79 3 97
96 1 97
80 5 98
97 3 98
81 5 99
945 3 946
90 3 100
99 5 100
82 2 101
83 5 102
101 3 102
84 4 103
102 5 103
85 3 104
103 4 104
86 2 105
104 2 105
87 2 106
105 3 106
88 5 107
106 5 107
89 1 108
820 2 878
90 1 109
108 3 109
100 4 110
109 5 110
91 1 111
92 4 112
111 2 112
987 3 988
928 2 929
615 1 711
986 4 987
95 3 115
114 1 115
96 3 116
115 3 116
955 2 956
896 2 956
98 3 118
861 3 920
99 3 119
118 4 119
100 3 120
119 1 120
110 5 121
120 5 121
101 1 122
102 3 123
122 3 123
103 2 124
123 2 124
104 4 125
124 3 125
105 2 126
125 4 126
106 5 127
126 1 127
806 3 863
844 5 845
108 5 129
128 3 129
109 4 130
129 5 130
598 4 824
925 5 926
121 4 132
867 4 926
111 5 133
112 5 134
133 5 134
926 3 987
134 1 135
114 5 136
135 4 136
115 2 137
136 3 137
116 1 138
137 2 138
895 5 955
138 5 139
118 4 140
139 3 140
119 3 141
869 3 870
120 2 142
141 2 142
121 1 143
142 1 143
132 4 144
143 2 144
122 2 145
123 5 146
145 2 146
124 5 147
146 4 147
125 1 148
147 1 148
126 2 149
148 5 149
127 2 150
149 5 150
128 1 151
150 3 151
840 4 841
845 4 846
130 1 153
152 1 153
924 5 925
153 2 154
132 5 155
154 4 155
144 2 156
155 2 156
133 2 157
134 2 158
157 4 158
135 3 159
158 1 159
136 1 160
159 3 160
137 1 161
160 2 161
138 3 162
161 5 162
139 3 163
162 4 163
140 2 164
163 3 164
141 3 165
164 4 165
142 5 166
165 2 166
143 5 167
166 3 167
866 1 925
923 2 924
156 4 169
865 4 924
145 5 170
146 1 171
170 3 171
147 3 172
171 4 172
148 4 173
172 2 173
149 4 174
173 1 174
895 2 896
988 2 989
829 5 887
999 4 517
152 1 177
371 3 868
153 3 178
177 1 178
154 1 179
178 5 179
155 3 180
179 3 180
859 2 918
180 3 181
169 3 182
181 3 182
157 5 183
158 1 184
183 1 184
159 1 185
184 3 185
951 4 952
892 4 952
161 2 187
950 2 951
162 5 188
187 2 188
973 3 974
963 3 964
443 4 345
929 5 930
165 5 191
190 1 191
166 1 192
191 5 192
167 5 193
192 1 193
922 4 923
193 1 194
169 1 195
194 5 195
182 1 196
195 5 196
170 4 197
171 3 198
197 3 198
172 4 199
198 4 199
884 5 885
199 2 200
174 4 201
200 4 201
847 2 848
201 4 202
998 4 868
202 3 203
177 2 204
203 4 204
178 3 205
204 5 205
179 1 206
205 3 206
180 5 207
206 4 207
181 3 208
873 1 874
182 3 209
208 3 209
196 3 210
209 3 210
183 4 211
184 5 212
855 5 914
185 3 213
212 4 213
176 1 810
576 5 810
187 2 215
56 4 176
188 2 216
215 3 216
962 3 963
216 1 217
190 2 218
217 3 218
191 3 219
218 4 219
931 1 993
991 4 992
193 5 221
961 3 992
194 4 222
775 1 831
195 2 223
222 5 223
870 2 929
869 1 928
890 4 891
380 4 238
197 1 226
951 1 576
801 1 858
199 5 228
227 4 228
200 5 229
228 4 229
201 5 230
229 1 230
202 3 231
230 3 231
203 5 232
231 3 232
204 1 233
232 3 233
205 4 234
233 1 234
206 2 235
234 3 235
207 4 236
235 3 236
208 3 237
236 3 237
993 3 14
981 1 512
865 4 866
304 3 512
464 1 62
930 1 991
211 4 241
212 1 242
241 5 242
899 5 366
986 1 366
70 3 176
769 1 899
215 3 245
244 3 245
216 3 246
245 2 246
217 1 247
246 3 247
889 2 890
898 1 225
219 5 249
566 1 717
967 3 835
799 1 856
221 2 251
250 1 251
222 1 252
251 5 252
223 2 253
252 1 253
900 3 930
887 2 888
903 2 62
254 1 255
73 4 769
255 2 256
226 3 257
227 5 258
257 4 258
228 5 259
258 4 259
229 4 260
259 4 260
230 3 261
260 5 261
231 2 262
261 1 262
232 1 263
262 4 263
934 3 996
263 3 264
234 1 265
882 5 883
235 4 266
265 3 266
236 4 267
266 3 267
237 5 268
267 2 268
748 1 981
268 5 269
239 4 270
856 1 857
984 1 769
846 2 905
256 2 272
271 3 272
898 2 519
242 3 274
956 4 519
985 5 899
274 5 275
244 1 276
275 4 276
994 3 995
933 2 995
246 4 278
993 2 994
247 1 279
278 3 279
876 1 717
279 1 280
249 4 281
280 3 281
250 4 282
281 2 282
251 5 283
282 3 283
252 3 284
283 3 284
789 2 846
284 4 285
254 2 286
827 4 885
255 2 287
855 5 856
256 3 288
287 3 288
272 3 289
288 2 289
257 1 290
258 4 291
290 5 291
259 5 292
291 2 292
260 4 293
785 1 842
261 5 294
293 1 294
262 3 295
294 1 295
263 5 296
295 4 296
264 1 297
296 1 297
265 3 298
297 3 298
266 4 299
298 5 299
267 2 300
299 5 300
268 5 301
853 4 912
269 3 302
301 4 302
819 2 877
302 4 303
902 1 963
901 1 962
272 4 305
960 2 961
289 3 306
305 1 306
876 2 898
274 4 308
307 5 308
275 5 309
308 3 309
276 2 310
309 1 310
932 4 994
883 4 884
953 4 832
576 5 780
279 3 313
952 2 780
280 3 314
777 4 833
281 1 315
314 5 315
282 5 316
315 4 316
877 2 937
936 3 937
284 3 318
952 2 953
285 4 319
318 2 319
286 5 320
319 2 320
287 3 321
320 1 321
288 1 322
321 2 322
289 5 323
322 5 323
306 4 324
323 1 324
959 4 117
291 5 326
854 3 443
292 1 327
879 5 880
856 4 915
327 5 328
294 4 329
328 4 329
912 4 973
971 1 972
296 3 331
911 4 972
297 1 332
331 1 332
298 5 333
885 1 886
299 4 334
884 3 944
300 2 335
944 5 945
970 4 25
740 5 814
302 4 337
969 4 814
303 5 338
889 3 949
930 5 961
338 2 339
305 3 340
339 2 340
306 2 341
340 2 341
324 4 342
341 1 342
307 5 343
308 5 344
343 1 344
1000 1 860
939 1 860
310 2 346
999 5 1000
311 4 347
346 5 347
70 2 576
347 2 348
313 3 349
348 1 349
314 4 350
349 1 350
315 2 351
350 1 351
851 4 852
351 2 352
893 3 953
352 4 353
318 5 354
353 1 354
319 4 355
354 2 355
320 4 356
355 5 356
804 1 861
356 2 357
322 5 358
357 5 358
323 2 359
358 3 359
324 3 360
359 1 360
342 1 361
360 3 361
980 5 443
326 5 363
362 4 363
327 2 364
363 3 364
328 5 365
364 2 365
949 5 954
380 4 603
970 5 971
948 1 603
331 4 368
367 3 368
332 5 369
885 1 945
333 2 370
369 4 370
839 2 897
25 4 598
828 2 886
971 4 598
972 1 973
372 2 373
337 1 374
373 5 374
894 4 895
374 3 375
339 1 376
375 5 376
340 3 377
863 5 864
341 3 378
377 1 378
603 4 669
378 4 379
874 3 934
834 4 892
343 3 381
344 5 382
838 3 839
938 4 1000
238 2 669
346 5 384
383 1 384
347 4 385
384 2 385
861 5 862
385 2 386
349 4 387
386 3 387
350 5 388
387 3 388
351 2 389
896 2 897
352 5 390
389 5 390
353 3 391
390 4 391
354 2 392
391 4 392
355 3 393
392 5 393
911 4 912
393 2 394
357 3 395
394 2 395
864 2 923
954 1 70
359 1 397
863 3 922
360 1 398
397 2 398
361 1 399
398 4 399
873 3 933
399 3 400
362 4 401
363 2 402
401 4 402
364 5 403
402 2 403
365 2 404
787 2 844
903 4 380
897 2 957
367 4 406
405 1 406
368 3 407
406 2 407
369 1 408
407 2 408
778 5 834
408 5 409
862 2 863
409 3 410
372 4 411
410 5 411
373 5 412
411 5 412
374 4 413
412 2 413
375 1 414
413 2 414
376 5 415
414 4 415
377 3 416
415 3 416
378 2 417
416 5 417
379 2 418
417 4 418
931 1 932
418 5 419
400 1 420
419 5 420
381 4 421
382 4 422
421 3 422
383 5 423
422 5 423
384 1 424
423 5 424
385 1 425
424 1 425
996 5 997
425 2 426
387 2 427
426 4 427
388 1 428
427 2 428
389 2 429
428 1 429
390 4 430
781 3 837
391 1 431
646 2 793
392 1 432
431 5 432
393 3 433
432 5 433
394 5 434
433 5 434
395 1 435
434 1 435
920 3 921
435 3 436
397 4 437
436 4 437
398 2 438
437 4 438
399 4 439
438 4 439
400 5 440
439 4 440
420 5 441
886 5 887
401 2 442
973 4 476
937 4 999
403 3 444
997 3 998
404 3 445
444 4 445
405 4 446
445 2 446
406 4 447
446 5 447
407 2 448
447 4 448
408 3 449
448 1 449
409 4 450
449 5 450
410 1 451
450 5 451
411 5 452
451 5 452
412 3 453
452 1 453
413 2 454
453 2 454
414 1 455
904 1 793
415 2 456
917 3 918
416 1 457
456 3 457
417 2 458
457 5 458
418 2 459
458 4 459
419 4 460
459 2 460
420 5 461
460 5 461
441 4 462
461 4 462
421 1 463
728 3 330
330 4 835
423 2 465
989 5 714
424 3 466
850 5 909
425 4 467
466 5 467
426 1 468
467 3 468
427 2 469
468 5 469
428 2 470
469 1 470
429 4 471
470 5 471
430 5 472
471 3 472
431 4 473
472 2 473
432 1 474
838 1 896
433 5 475
474 2 475
985 1 986
872 3 873
435 3 477
984 1 985
866 3 867
477 1 478
437 5 479
478 1 479
438 1 480
479 1 480
439 3 481
893 5 894
440 2 482
481 4 482
830 1 483
512 4 483
462 1 484
793 4 830
442 4 485
936 3 998
485 3 486
444 5 487
486 5 487
445 3 488
487 5 488
800 1 857
488 5 489
447 5 490
489 5 490
448 1 491
490 2 491
449 3 492
491 2 492
450 5 493
492 5 493
451 3 494
493 5 494
452 4 495
494 1 495
453 2 496
821 5 879
454 5 497
914 3 915
831 1 889
497 3 498
456 2 499
498 5 499
457 1 500
499 2 500
458 3 501
500 5 501
459 5 502
501 3 502
460 2 503
502 2 503
461 1 504
503 3 504
462 2 505
504 1 505
484 2 506
505 2 506
463 5 507
545 3 73
507 2 508
887 5 947
508 3 509
466 3 510
509 4 510
467 1 511
510 3 511
646 5 304
992 1 304
469 5 513
956 5 957
470 4 514
513 4 514
471 5 515
514 1 515
472 4 516
515 4 516
976 3 312
113 3 175
474 4 518
975 3 175
913 2 974
949 2 950
924 2 985
890 3 950
477 1 521
520 1 521
478 2 522
521 4 522
479 1 523
522 2 523
480 5 524
523 2 524
481 2 525
524 3 525
482 3 526
525 2 526
304 5 830
526 1 527
484 5 528
906 4 907
790 2 847
528 3 529
485 1 530
486 3 531
530 5 531
487 4 532
531 3 532
488 4 533
532 5 533
943 1 944
533 5 534
490 4 535
534 3 535
491 4 536
535 2 536
492 5 537
536 4 537
493 3 538
912 1 913
494 3 539
538 4 539
495 4 540
870 1 900
496 1 541
540 1 541
497 2 542
541 1 542
498 5 543
542 1 543
499 5 544
543 1 544
935 1 396
941 3 396
501 1 546
860 5 935
502 4 547
546 1 547
792 4 849
547 2 548
504 1 549
548 3 549
505 5 550
549 5 550
506 1 551
550 1 551
529 2 552
551 2 552
507 5 553
508 5 554
553 3 554
509 4 555
554 4 555
510 2 556
822 4 880
511 2 557
556 3 557
961 2 646
950 4 70
513 5 559
558 5 559
802 2 859
559 1 560
515 4 561
560 2 561
516 1 562
908 5 909
476 3 113
562 5 563
518 4 564
563 3 564
913 2 914
564 2 565
910 2 243
131 4 243
521 4 567
783 1 910
522 5 568
567 3 568
523 3 569
824 5 476
857 2 858
569 4 570
525 2 571
570 2 571
526 5 572
571 4 572
527 5 573
572 4 573
528 2 574
881 5 882
529 2 575
574 5 575
848 3 849
881 5 941
530 4 577
531 1 578
577 4 578
532 3 579
578 1 579
533 5 580
579 3 580
534 1 581
843 3 844
535 5 582
581 2 582
536 3 583
582 1 583
537 4 584
583 5 584
538 1 585
584 2 585
539 2 586
585 3 586
871 1 872
586 5 587
541 4 588
587 3 588
542 4 589
588 1 589
543 5 590
589 3 590
544 5 591
590 5 591
940 3 935
946 4 903
546 4 593
791 1 848
547 1 594
593 1 594
548 3 595
594 5 595
549 5 596
595 5 596
550 4 597
833 5 891
317 1 117
921 5 982
552 4 599
957 4 958
939 5 940
599 3 600
553 2 601
554 1 602
601 4 602
312 2 220
977 3 220
325 4 783
396 1 783
557 2 605
28 1 325
558 3 606
605 2 606
559 3 607
606 4 607
837 1 895
607 4 608
561 4 609
608 4 609
562 4 610
609 3 610
563 2 611
610 5 611
564 5 612
611 4 612
843 3 902
612 3 613
168 2 910
613 4 614
906 4 967
965 4 966
568 3 616
848 4 907
569 1 617
616 4 617
570 1 618
617 2 618
571 5 619
618 3 619
572 4 620
871 2 931
573 5 621
620 3 621
574 3 622
621 4 622
575 1 623
622 4 623
880 2 940
623 2 624
600 4 625
624 4 625
577 1 626
578 1 627
626 2 627
579 4 628
627 2 628
580 2 629
628 4 629
581 3 630
629 3 630
582 5 631
630 4 631
583 1 632
631 4 632
584 5 633
632 2 633
585 4 634
846 5 847
586 2 635
634 2 635
587 2 636
635 1 636
588 3 637
636 3 637
589 3 638
637 1 638
590 2 639
638 3 639
842 1 901
901 3 902
592 3 641
640 4 641
593 4 642
641 3 642
594 2 643
642 2 643
595 3 644
815 1 873
596 4 645
644 5 645
959 1 960
900 1 960
888 2 948
958 3 959
599 5 648
647 5 648
600 3 649
648 5 649
625 2 650
837 3 838
601 5 651
602 1 652
651 5 652
175 2 312
652 4 653
935 2 325
653 4 654
605 3 655
654 1 655
606 1 656
655 4 656
607 4 657
656 2 657
608 3 658
657 2 658
609 4 659
658 4 659
852 4 853
659 4 660
611 3 661
660 3 661
849 5 850
661 5 662
613 4 663
662 1 663
614 4 664
663 1 664
964 5 965
664 3 665
616 3 666
665 2 666
617 4 667
666 1 667
618 4 668
667 2 668
94 1 990
995 4 990
620 2 670
14 2 94
621 5 671
670 2 671
622 3 672
671 1 672
623 4 673
672 3 673
624 1 674
673 2 674
625 2 675
674 2 675
650 2 676
675 1 676
626 5 677
627 1 678
907 2 908
628 3 679
880 4 881
629 3 680
798 3 855
872 5 932
680 4 681
631 3 682
681 1 682
995 1 996
682 5 683
633 4 684
683 2 684
634 4 685
684 4 685
635 3 686
685 1 686
636 5 687
686 4 687
637 2 688
687 3 688
638 5 689
688 3 689
639 3 690
689 2 690
640 2 691
690 5 691
641 2 692
691 5 692
642 3 693
692 2 693
643 3 694
693 5 694
644 3 695
694 4 695
645 4 696
695 5 696
224 2 927
696 3 697
647 2 698
697 5 698
648 3 699
698 1 699
874 2 875
699 1 700
795 3 852
700 1 701
676 2 702
701 4 702
651 2 703
652 5 704
703 5 704
653 2 705
704 3 705
654 4 706
864 5 865
655 2 707
706 4 707
656 3 708
707 3 708
657 2 709
708 1 709
658 1 710
709 1 710
908 1 969
967 4 968
660 2 712
907 1 968
661 3 713
712 4 713
955 1 898
832 5 876
663 4 715
886 3 946
664 3 716
715 5 716
240 3 464
927 2 464
666 1 718
954 5 56
667 5 719
718 1 719
668 5 720
719 4 720
994 3 94
720 3 721
670 2 722
721 5 722
671 3 723
722 1 723
672 2 724
723 4 724
673 2 725
724 4 725
947 2 380
725 5 726
675 1 727
726 5 727
603 3 954
947 4 948
702 1 729
909 2 970
677 3 730
678 4 731
730 1 731
679 5 732
731 3 732
680 3 733
732 5 733
681 5 734
733 1 734
682 5 735
734 5 735
683 5 736
735 4 736
916 4 977
736 3 737
685 5 738
737 1 738
686 2 739
738 5 739
975 4 976
915 2 976
688 2 741
974 5 975
689 2 742
741 3 742
852 1 911
742 2 743
691 2 744
743 3 744
692 1 745
744 1 745
817 2 875
745 2 746
694 4 747
746 4 747
810 2 604
958 5 317
696 5 749
919 4 920
697 5 750
317 2 186
698 5 751
750 3 751
699 4 752
751 2 752
700 3 753
752 4 753
701 3 754
753 2 754
702 1 755
754 4 755
729 3 756
755 4 756
805 2 862
704 5 758
757 2 758
705 5 759
758 5 759
706 2 760
759 3 760
850 1 851
780 3 604
708 4 762
761 1 762
709 3 763
762 4 763
773 5 829
763 4 764
966 4 967
764 3 765
712 5 766
765 4 766
786 3 843
766 2 767
780 5 832
767 5 768
945 4 927
131 5 224
716 4 770
825 3 883
808 2 865
770 2 771
718 3 772
771 4 772
719 3 773
772 5 773
720 4 774
773 4 774
721 2 775
774 1 775
722 5 776
775 5 776
784 5 840
776 1 777
724 2 778
777 2 778
725 5 779
778 5 779
942 3 943
883 4 943
727 1 781
941 3 942
772 4 828
858 5 859
983 4 73
345 5 545
756 1 784
982 1 545
730 5 785
731 1 786
785 3 786
732 3 787
786 5 787
807 1 864
787 1 788
734 5 789
788 1 789
735 3 790
789 5 790
736 2 791
842 2 843
737 2 792
791 2 792
186 1 248
117 4 248
739 3 794
214 1 186
914 4 975
794 4 795
741 5 796
795 1 796
742 2 797
796 2 797
743 3 798
797 5 798
744 1 799
798 5 799
745 3 800
799 1 800
746 2 801
800 1 801
747 1 802
836 1 894
839 1 840
802 2 803
749 1 804
803 4 804
750 3 805
804 4 805
751 5 806
805 3 806
752 2 807
806 1 807
753 2 808
807 4 808
754 2 809
808 1 809
933 3 934
860 3 28
756 4 811
862 5 921
784 5 812
918 2 919
757 1 813
977 3 978
917 3 978
759 4 815
976 5 977
760 3 816
815 3 816
761 2 817
816 3 817
762 1 818
817 3 818
763 4 819
922 1 983
764 5 820
819 1 820
765 4 821
946 2 947
766 5 822
821 1 822
767 5 823
822 1 823
882 2 942
923 4 984
168 5 131
982 1 983
770 2 826
833 1 834
771 2 827
1 00 8
